instrument,datetime,nb_hold_pct,nb_hold_mv,nb_hold_chg
SH603556,2017-06-20,0.0,4608.0,
SH603556,2017-06-21,0.0,4580.0,0.0
SH603556,2017-06-22,0.0,4430.0,0.0
SH603556,2017-06-23,0.0,4425.0,0.0
SH603556,2017-06-26,0.0,265860.0,5900.0
SH603556,2017-06-27,0.0,4461.0,-5900.0
SH603556,2017-06-28,0.0,8810.0,100.0
SH603556,2017-06-29,0.0,8796.0,0.0
SH603556,2017-06-30,0.0,237006.0,5200.0
SH603556,2017-07-03,0.01,460756.8,5048.0
SH603556,2017-07-04,0.01,586911.56,2900.0
SH603556,2017-07-05,0.01,589180.72,0.0
SH603556,2017-07-06,0.01,573430.08,0.0
SH603556,2017-07-07,0.01,577167.52,0.0
SH603556,2017-07-10,0.01,565287.8,0.0
SH603556,2017-07-11,0.01,555677.24,0.0
SH603556,2017-07-12,0.02,915670.56,8600.0
SH603556,2017-07-13,0.0,41870.0,-20948.0
SH603556,2017-07-14,0.0,41680.0,0.0
SH603556,2017-07-17,0.0,131208.0,2300.0
SH603556,2017-07-18,0.0,148148.0,400.0
SH603556,2017-07-19,0.0,148999.0,0.0
SH603556,2017-07-20,0.0,52000.0,-2400.0
SH603556,2017-07-21,0.0,54698.0,100.0
SH603556,2017-07-24,0.01,572087.43,12329.0
SH603556,2017-07-25,0.01,558358.43,0.0
SH603556,2017-07-26,0.01,682812.99,2800.0
SH603556,2017-07-27,0.01,572362.01,-2800.0
SH603556,2017-07-28,0.01,556545.0,-237.0
SH603556,2017-07-31,0.01,581217.25,771.0
SH603556,2017-08-01,0.01,584355.11,0.0
SH603556,2017-08-02,0.01,570805.26,0.0
SH603556,2017-08-03,0.01,575797.31,0.0
SH603556,2017-08-04,0.01,570092.11,0.0
SH603556,2017-08-07,0.01,581267.97,200.0
SH603556,2017-08-08,0.01,577366.24,-200.0
SH603556,2017-08-09,0.01,579677.04,200.0
SH603556,2017-08-10,0.01,579898.66,100.0
SH603556,2017-08-11,0.01,554082.2,-500.0
SH603556,2017-08-14,0.01,560269.92,0.0
SH603556,2017-08-15,0.01,554797.26,-200.0
SH603556,2017-08-16,0.02,1039094.87,11800.0
SH603556,2017-08-17,0.02,824096.21,-5400.0
SH603556,2017-08-18,0.01,557126.24,-6500.0
SH603556,2017-08-21,0.03,1201566.69,15100.0
SH603556,2017-08-22,0.02,1134493.08,-1300.0
SH603556,2017-08-24,0.01,739860.48,-9500.0
SH603556,2017-08-25,0.02,1128415.57,9200.0
SH603556,2017-08-28,0.05,2190177.9,25071.0
SH603556,2017-08-29,0.08,3257978.68,25200.0
SH603556,2017-08-30,0.07,2930604.66,-6900.0
SH603556,2017-08-31,0.11,4681628.16,40200.0
SH603556,2017-09-01,0.13,5624401.32,16185.0
SH603556,2017-09-04,0.18,7541468.26,42300.0
SH603556,2017-09-05,0.2,8432006.95,22100.0
SH603556,2017-09-06,0.22,9458142.71,23100.0
SH603556,2017-09-07,0.25,10292886.24,21124.0
SH603556,2017-09-08,0.27,11252827.92,23400.0
SH603556,2017-09-11,0.3,12612830.5,27482.0
SH603556,2017-09-12,0.28,11467541.25,-22600.0
SH603556,2017-09-13,0.28,11501405.02,3674.0
SH603556,2017-09-14,0.28,11222117.2,-5400.0
SH603556,2017-09-15,0.25,10346901.12,-20900.0
SH603556,2017-09-18,0.25,10341964.98,-900.0
SH603556,2017-09-19,0.22,9131238.11,-27500.0
SH603556,2017-09-20,0.21,8657274.29,-10200.0
SH603556,2017-09-21,0.18,7257125.61,-31500.0
SH603556,2017-09-22,0.13,5368505.46,-45000.0
SH603556,2017-09-25,0.09,3566558.04,-41200.0
SH603556,2017-09-26,0.08,3266608.65,-6000.0
SH603556,2017-09-27,0.09,3735382.31,10600.0
SH603556,2017-09-28,0.08,3343638.72,-8600.0
SH603556,2017-09-29,0.08,3455645.96,1200.0
SH603556,2017-10-09,0.07,3024341.76,-10600.0
SH603556,2017-10-10,0.07,3070868.17,100.0
SH603556,2017-10-11,0.09,3929168.43,20600.0
SH603556,2017-10-12,0.07,3104723.93,-18500.0
SH603556,2017-10-13,0.07,3128883.66,100.0
SH603556,2017-10-16,0.07,2863442.44,-5000.0
SH603556,2017-10-17,0.08,3221633.43,8600.0
SH603556,2017-10-18,0.11,4411568.77,29500.0
SH603556,2017-10-19,0.14,5563529.39,30000.0
SH603556,2017-10-20,0.22,8518693.26,72100.0
SH603556,2017-10-23,0.23,8876013.85,6600.0
SH603556,2017-10-24,0.24,9147071.31,9100.0
SH603556,2017-10-25,0.25,9747585.29,8900.0
SH603556,2017-10-26,0.23,9267346.5,-10174.0
SH603556,2017-10-27,0.24,9333324.0,1700.0
SH603556,2017-10-30,0.25,9749947.5,12000.0
SH603556,2017-10-31,0.26,10331121.25,9400.0
SH603556,2017-11-01,0.28,10944001.26,15068.0
SH603556,2017-11-02,0.28,11037983.04,5700.0
SH603556,2017-11-03,0.29,11219254.41,3800.0
SH603556,2017-11-06,0.29,11202257.65,1700.0
SH603556,2017-11-07,0.28,10594139.3,-8700.0
SH603556,2017-11-08,0.28,10683134.69,700.0
SH603556,2017-11-09,0.31,12038468.64,32500.0
SH603556,2017-11-10,0.34,13403739.15,25200.0
SH603556,2017-11-13,0.25,13675866.7,3800.0
SH603556,2017-11-14,0.26,13765210.2,6100.0
SH603556,2017-11-15,0.26,13890281.6,1408.0
SH603556,2017-11-16,0.26,13991245.48,3400.0
SH603556,2017-11-17,0.25,12909039.72,-12300.0
SH603556,2017-11-20,0.25,12803167.91,-4200.0
SH603556,2017-11-21,0.25,12800064.69,1700.0
SH603556,2017-11-22,0.25,12525539.41,3600.0
SH603556,2017-11-23,0.27,12871753.18,20100.0
SH603556,2017-11-24,0.28,13531275.66,13100.0
SH603556,2017-11-27,0.27,13248787.5,-6000.0
SH603556,2017-11-28,0.28,13404043.62,3000.0
SH603556,2017-11-29,0.28,13607894.16,300.0
SH603556,2017-11-30,0.27,13440714.38,-6400.0
SH603556,2017-12-01,0.27,13336262.06,200.0
SH603556,2017-12-04,0.28,13203659.04,4727.0
SH603556,2017-12-05,0.27,12610132.2,-6300.0
SH603556,2017-12-06,0.28,13116040.36,11800.0
SH603556,2017-12-07,0.28,13047414.72,-600.0
SH603556,2017-12-08,0.28,13142200.68,-3000.0
SH603556,2017-12-11,0.26,12327298.72,-21500.0
SH603556,2017-12-12,0.25,11488221.76,-15700.0
SH603556,2017-12-13,0.26,12013308.0,13875.0
SH603556,2017-12-14,0.25,11769491.91,-6500.0
SH603556,2017-12-15,0.25,11503060.16,-4627.0
SH603556,2017-12-18,0.23,10414870.4,-26699.0
SH603556,2017-12-19,0.24,10986869.14,11534.0
SH603556,2017-12-20,0.21,9836041.14,-32200.0
SH603556,2017-12-21,0.2,9201644.76,-14615.0
SH603556,2017-12-27,0.19,8687851.2,-16212.0
SH603556,2017-12-28,0.17,8197193.2,-17000.0
SH603556,2017-12-29,0.15,7060435.2,-33416.0
SH603556,2018-01-02,0.14,6585314.96,-13400.0
SH603556,2018-01-03,0.11,5113965.36,-39532.0
SH603556,2018-01-04,0.09,4364338.02,-19737.0
SH603556,2018-01-05,0.09,4270874.11,-2300.0
SH603556,2018-01-08,0.08,3791059.02,-13516.0
SH603556,2018-01-09,0.07,3454572.04,-10525.0
SH603556,2018-01-10,0.06,2725052.4,-18626.0
SH603556,2018-01-11,0.06,3104100.9,9678.0
SH603556,2018-01-12,0.06,2892766.2,-5700.0
SH603556,2018-01-15,0.06,2967146.1,4200.0
SH603556,2018-01-16,0.07,3549972.1,16600.0
SH603556,2018-01-17,0.07,3313110.3,-6800.0
SH603556,2018-01-18,0.08,3943521.12,17026.0
SH603556,2018-01-19,0.09,4111469.76,5600.0
SH603556,2018-01-22,0.13,6231220.32,58000.0
SH603556,2018-01-23,0.14,6517301.37,7775.0
SH603556,2018-01-24,0.12,5888509.65,-19820.0
SH603556,2018-01-25,0.13,6063186.9,6000.0
SH603556,2018-01-26,0.16,7523877.37,39700.0
SH603556,2018-01-29,0.14,6708925.44,-21400.0
SH603556,2018-01-30,0.15,6972471.66,5100.0
SH603556,2018-01-31,0.12,5811347.44,-32375.0
SH603556,2018-02-01,0.11,4999004.04,-20240.0
SH603556,2018-02-02,0.11,5009641.56,2200.0
SH603556,2018-02-05,0.1,4694622.0,-5800.0
SH603556,2018-02-06,0.09,3802709.12,-19500.0
SH603556,2018-02-07,0.09,3938537.16,3100.0
SH603556,2018-02-08,0.1,4504237.92,14100.0
SH603556,2018-02-09,0.1,4249156.32,-7200.0
SH603556,2018-02-12,0.11,4751777.52,13100.0
SH603556,2018-02-13,0.1,4580154.36,-5400.0
SH603556,2018-02-14,0.1,4563370.35,-2577.0
SH603556,2018-02-22,0.11,5124306.34,12000.0
SH603556,2018-02-23,0.1,4882570.67,-5500.0
SH603556,2018-02-26,0.13,5965993.8,29291.0
SH603556,2018-02-27,0.13,6187612.2,9400.0
SH603556,2018-02-28,0.17,7831426.59,47057.0
SH603556,2018-03-01,0.16,7617822.03,-9300.0
SH603556,2018-03-02,0.16,7451491.32,-5100.0
SH603556,2018-03-05,0.17,8044904.79,15990.0
SH603556,2018-03-06,0.15,7154600.67,-26300.0
SH603556,2018-03-07,0.15,6817958.77,-5600.0
SH603556,2018-03-08,0.16,7554198.57,18500.0
SH603556,2018-03-09,0.18,8597973.33,26100.0
SH603556,2018-03-12,0.2,9468643.03,23400.0
SH603556,2018-03-13,0.21,9577488.9,6640.0
SH603556,2018-03-14,0.22,9973099.9,12893.0
SH603556,2018-03-15,0.19,8858267.9,-29300.0
SH603556,2018-03-16,0.23,10432477.3,48000.0
SH603556,2018-03-19,0.3,13567504.05,89665.0
SH603556,2018-03-20,0.33,14674288.65,34700.0
SH603556,2018-03-21,0.33,14707451.1,100.0
SH603556,2018-03-22,0.35,15628958.1,24000.0
SH603556,2018-03-23,0.39,16349313.6,47700.0
SH603556,2018-03-26,0.38,16576365.7,-5900.0
SH603556,2018-03-27,0.4,17693679.05,20800.0
SH603556,2018-03-28,0.4,18030834.9,2764.0
SH603556,2018-04-03,0.38,16963845.12,-22847.0
SH603556,2018-04-04,0.33,14730964.95,-69847.0
SH603556,2018-04-09,0.36,16028387.43,46704.0
SH603556,2018-04-10,0.32,13942453.5,-58239.0
SH603556,2018-04-11,0.3,13099541.21,-28337.0
SH603556,2018-04-12,0.28,12043306.08,-24400.0
SH603556,2018-04-13,0.24,10320520.76,-41891.0
SH603556,2018-04-16,0.24,10216324.16,-300.0
SH603556,2018-04-17,0.25,10339768.4,11428.0
SH603556,2018-04-18,0.28,11307013.65,33325.0
SH603556,2018-04-19,0.26,10396103.9,-26300.0
SH603556,2018-04-20,0.19,7716880.35,-83500.0
SH603556,2018-04-23,0.18,7250638.5,-10200.0
SH603556,2018-04-24,0.21,8546460.45,37200.0
SH603556,2018-04-25,0.22,8712506.5,7300.0
SH603556,2018-04-26,0.2,7645487.85,-29200.0
SH603556,2018-04-27,0.18,6341075.82,-20001.0
SH603556,2018-05-02,0.16,5470739.06,-24100.0
SH603556,2018-05-03,0.2,6866621.84,50000.0
SH603556,2018-05-04,0.2,6941768.74,-600.0
SH603556,2018-05-07,0.19,7002653.2,-8000.0
SH603556,2018-05-08,0.2,7189320.28,8400.0
SH603556,2018-05-09,0.21,7528840.98,11800.0
SH603556,2018-05-10,0.22,8069795.38,18500.0
SH603556,2018-05-11,0.22,7975377.38,-3400.0
SH603556,2018-05-14,0.23,7879082.82,4300.0
SH603556,2018-05-15,0.26,9302278.14,43000.0
SH603556,2018-05-16,0.22,8125117.18,-44000.0
SH603556,2018-05-17,0.22,8040818.56,-2.0
SH603556,2018-05-18,0.22,7964913.96,-10136.0
SH603556,2018-05-23,0.2,7636945.68,-15000.0
SH603556,2018-05-24,0.2,7261471.72,-9400.0
SH603556,2018-05-25,0.2,7395246.48,2800.0
SH603556,2018-05-28,0.19,7050985.92,-14100.0
SH603556,2018-05-29,0.19,7178038.48,6500.0
SH603556,2018-05-30,0.19,6801901.2,-5600.0
SH603556,2018-05-31,0.19,6804356.76,0.0
SH603556,2018-06-01,0.2,6923612.16,7500.0
SH603556,2018-06-04,0.22,7660696.68,35700.0
SH603556,2018-06-05,0.25,8790415.92,39000.0
SH603556,2018-06-06,0.27,9390060.76,23800.0
SH603556,2018-06-07,0.26,9103411.84,-3300.0
SH603556,2018-06-08,0.22,7767536.4,-59500.0
SH603556,2018-06-11,0.22,7563172.68,1800.0
SH603556,2018-06-12,0.2,6850121.88,-29400.0
SH603556,2018-06-13,0.14,4946833.76,-70600.0
SH603556,2018-06-14,0.12,4087752.48,-32300.0
SH603556,2018-06-15,0.1,3379865.6,-23600.0
SH603556,2018-06-19,0.13,3062765.28,-2599.8
SH603556,2018-06-20,0.13,3018784.23,-3900.0
SH603556,2018-06-21,0.09,2629140.34,-9980.0
SH603556,2018-06-22,0.13,4039754.93,76160.0
SH603556,2018-06-25,0.12,3659652.23,-29250.0
SH603556,2018-06-26,0.15,4649546.07,51540.0
SH603556,2018-06-27,0.16,5070695.5,25467.0
SH603556,2018-06-28,0.16,5006880.0,-7990.0
SH603556,2018-07-03,0.16,4937828.8,-1390.0
SH603556,2018-07-04,0.18,5491443.5,32820.0
SH603556,2018-07-05,0.19,5754752.05,14669.0
SH603556,2018-07-06,0.17,4971898.34,-32540.0
SH603556,2018-07-09,0.18,5428880.16,23230.0
SH603556,2018-07-10,0.17,5105028.11,-16030.0
SH603556,2018-07-11,0.15,4497503.0,-30700.0
SH603556,2018-07-12,0.17,5213217.72,33680.0
SH603556,2018-07-13,0.22,6642639.54,82210.0
SH603556,2018-07-16,0.21,6127358.31,-24000.0
SH603556,2018-07-17,0.23,6918576.21,43700.0
SH603556,2018-07-18,0.24,7146734.28,12480.0
SH603556,2018-07-19,0.2,5953285.08,-60780.0
SH603556,2018-07-20,0.25,7482049.92,81140.0
SH603556,2018-07-23,0.25,7434306.6,-5730.0
SH603556,2018-07-24,0.3,9037625.52,83053.0
SH603556,2018-07-25,0.37,11037823.44,112590.0
SH603556,2018-07-26,0.4,11962013.38,53300.0
SH603556,2018-07-27,0.38,11281728.02,-31900.0
SH603556,2018-07-30,0.36,10892531.76,-35100.0
SH603556,2018-07-31,0.34,10179802.5,-27499.0
SH603556,2018-08-01,0.27,7964302.29,-116770.0
SH603556,2018-08-02,0.23,6441983.86,-67770.0
SH603556,2018-08-03,0.27,7736298.57,69160.0
SH603556,2018-08-06,0.26,7246618.73,-27400.0
SH603556,2018-08-07,0.27,7664626.62,18940.0
SH603556,2018-08-08,0.26,7257837.66,-21170.0
SH603556,2018-08-09,0.26,7406162.4,4150.0
SH603556,2018-08-10,0.26,7527037.98,10960.0
SH603556,2018-08-13,0.26,7374729.65,-6200.0
SH603556,2018-08-14,0.31,8908290.56,89751.0
SH603556,2018-08-15,0.3,8185352.5,-31640.0
SH603556,2018-08-16,0.3,8085054.46,5100.0
SH603556,2018-08-17,0.3,8002747.26,1240.0
SH603556,2018-08-20,0.29,7841052.86,-7100.0
SH603556,2018-08-21,0.29,7709080.68,-7830.0
SH603556,2018-08-22,0.28,7366503.94,-17090.0
SH603556,2018-08-23,0.28,7418542.84,1820.0
SH603556,2018-08-24,0.29,7698035.04,8600.0
SH603556,2018-08-27,0.29,7935841.4,12230.0
SH603556,2018-08-28,0.27,6985193.6,-47100.0
SH603556,2018-08-29,0.35,9190931.0,149100.0
SH603556,2018-08-30,0.4,9874114.08,72700.0
SH603556,2018-08-31,0.49,11899404.48,155580.0
SH603556,2018-09-03,0.52,12603076.2,50370.0
SH603556,2018-09-04,0.54,13324691.8,40790.0
SH603556,2018-09-05,0.57,13670456.16,48100.0
SH603556,2018-09-06,0.62,14266659.12,80340.0
SH603556,2018-09-07,0.7,16085819.52,125300.0
SH603556,2018-09-10,0.76,17009035.34,102050.0
SH603556,2018-09-11,0.78,17796484.72,42300.0
SH603556,2018-09-12,0.86,19710250.12,124819.0
SH603556,2018-09-13,0.81,18346916.35,-80950.0
SH603556,2018-09-14,0.89,20023076.88,139151.0
SH603556,2018-09-17,0.87,19072261.0,-36137.0
SH603556,2018-09-18,0.92,20585620.44,78370.0
SH603556,2018-09-19,1.01,22846559.82,151900.0
SH603556,2018-09-20,1.02,23020359.34,18010.0
SH603556,2018-09-26,0.99,22686520.86,-46023.0
SH603556,2018-09-27,0.88,19543305.96,-182040.0
SH603556,2018-09-28,0.94,20977623.78,105520.0
SH603556,2018-10-08,0.96,21320556.91,21137.0
SH603556,2018-10-09,0.96,21012760.65,8636.0
SH603556,2018-10-10,0.98,21724322.58,30690.0
SH603556,2018-10-11,0.88,17535336.91,-171020.0
SH603556,2018-10-12,0.81,15715604.37,-116890.0
SH603556,2018-10-15,0.81,15533963.1,9300.0
SH603556,2018-10-18,0.86,15902598.34,68380.0
SH603556,2018-10-19,0.93,17657983.8,127928.0
SH603556,2018-10-22,1.03,20258020.0,157505.0
SH603556,2018-10-23,1.05,20480016.78,38542.0
SH603556,2018-10-24,1.05,20508121.03,-3661.0
SH603556,2018-10-25,1.04,20213879.04,-8704.0
SH603556,2018-10-26,1.04,20663578.44,-2041.0
SH603556,2018-10-29,1.02,20480849.16,-37322.0
SH603556,2018-10-30,0.95,20180911.48,-111108.0
SH603556,2018-10-31,0.94,19844988.76,-19143.0
SH603556,2018-11-01,0.89,18534584.68,-75732.0
SH603556,2018-11-02,0.93,19563352.13,51990.0
SH603556,2018-11-05,0.98,20797754.88,84071.0
SH603556,2018-11-06,1.01,21400137.36,62520.0
SH603556,2018-11-07,1.04,21738054.08,39520.0
SH603556,2018-11-08,1.09,22685757.28,90960.0
SH603556,2018-11-09,1.13,23964626.6,71140.0
SH603556,2018-11-12,1.14,24861937.8,17750.0
SH603556,2018-11-13,1.2,26773027.68,94850.0
SH603556,2018-11-14,1.23,27437543.28,50190.0
SH603556,2018-11-15,1.28,28763246.46,75792.0
SH603556,2018-11-16,1.33,30915505.2,92140.0
SH603556,2018-11-19,1.16,26740814.1,-281220.0
SH603556,2018-11-20,1.24,27265606.06,123900.0
SH603556,2018-11-21,1.26,27527032.0,34530.0
SH603556,2018-11-22,1.3,28833086.24,73500.0
SH603556,2018-11-23,1.14,24051410.18,-271458.0
SH603556,2018-11-26,1.13,23673091.32,-13460.0
SH603556,2018-11-27,1.22,25592914.76,147960.0
SH603556,2018-11-28,1.28,27252051.06,107140.0
SH603556,2018-11-29,1.23,25600057.28,-93290.0
SH603556,2018-11-30,1.19,25358012.9,-63270.0
SH603556,2018-12-03,1.19,26003112.02,280.0
SH603556,2018-12-04,1.22,26886018.48,50640.0
SH603556,2018-12-05,1.29,28155152.58,122000.0
SH603556,2018-12-06,1.31,28373095.16,28800.0
SH603556,2018-12-07,1.31,28759798.24,-800.0
SH603556,2018-12-10,1.26,27724672.8,-81010.0
SH603556,2018-12-11,1.01,22521438.38,-419618.0
SH603556,2018-12-12,1.0,22052251.8,-21500.0
SH603556,2018-12-13,0.97,21828839.23,-43345.0
SH603556,2018-12-14,0.91,19773875.55,-101210.0
SH603556,2018-12-17,0.99,21898067.2,130237.0
SH603556,2018-12-18,0.95,21084969.6,-64420.0
SH603556,2018-12-19,0.91,19681361.13,-70629.0
SH603556,2018-12-20,0.93,20208333.3,27684.0
SH603556,2018-12-21,1.03,22802259.36,181597.0
SH603556,2018-12-27,0.87,18897821.44,-273788.0
SH603556,2018-12-28,0.9,19756282.0,50210.0
SH603556,2019-01-02,0.99,21818830.02,142040.0
SH603556,2019-01-03,0.97,21677407.92,-23250.0
SH603556,2019-01-04,0.93,21201874.7,-73790.0
SH603556,2019-01-07,0.81,18583983.6,-203250.0
SH603556,2019-01-08,0.75,17069660.16,-91400.0
SH603556,2019-01-09,0.72,16587671.1,-54850.0
SH603556,2019-01-10,0.68,15655422.4,-64080.0
SH603556,2019-01-11,0.7,17245344.68,23617.0
SH603556,2019-01-14,0.28,6443090.82,-701690.0
SH603556,2019-01-15,0.33,7844302.62,92906.0
SH603556,2019-01-16,0.38,9009235.41,85460.0
SH603556,2019-01-17,0.4,9207364.5,30600.0
SH603556,2019-01-18,0.37,8549047.68,-50635.0
SH603556,2019-01-21,0.41,9608335.12,64360.0
SH603556,2019-01-22,0.39,8806985.68,-41444.0
SH603556,2019-01-23,0.42,9710398.88,66048.0
SH603556,2019-01-24,0.51,11676167.22,136925.0
SH603556,2019-01-25,0.54,12314108.31,54200.0
SH603556,2019-01-28,0.69,15626533.5,246040.0
SH603556,2019-01-29,0.66,14776313.3,-46520.0
SH603556,2019-01-30,0.68,14504047.7,31050.0
SH603556,2019-01-31,0.75,15625932.3,128350.0
SH603556,2019-02-01,0.83,18054906.11,128120.0
SH603556,2019-02-11,0.84,19550190.52,26420.0
SH603556,2019-02-12,0.93,21909126.33,150122.0
SH603556,2019-02-13,1.09,25556334.68,255620.0
SH603556,2019-02-14,1.12,26785176.0,55597.0
SH603556,2019-02-15,1.33,31752986.2,354580.0
SH603556,2019-02-18,1.35,33037183.6,26620.0
SH603556,2019-02-19,1.43,34683497.5,142770.0
SH603556,2019-02-20,1.53,37168704.4,163760.0
SH603556,2019-02-21,1.57,37607065.2,70650.0
SH603556,2019-02-22,1.7,42384583.6,207600.0
SH603556,2019-02-25,1.73,44848160.22,56181.0
SH603556,2019-02-26,1.76,44961960.78,53480.0
SH603556,2019-02-27,1.72,43704096.1,-67610.0
SH603556,2019-02-28,1.7,44535324.54,-28460.0
SH603556,2019-03-01,1.72,44896272.12,23227.0
SH603556,2019-03-04,1.85,48509596.96,216530.0
SH603556,2019-03-05,2.04,56223529.8,333140.0
SH603556,2019-03-06,1.86,52153231.6,-315800.0
SH603556,2019-03-07,1.98,55910294.0,214980.0
SH603556,2019-03-08,2.09,56606234.36,173625.0
SH603556,2019-03-11,2.08,62096718.69,-9200.0
SH603556,2019-03-12,1.9,59799618.75,-313040.0
SH603556,2019-03-13,1.58,45474508.8,-529985.0
SH603556,2019-03-14,1.68,45311008.0,172610.0
SH603556,2019-03-15,1.62,43735353.72,-105295.0
SH603556,2019-03-18,1.68,45889020.78,95560.0
SH603556,2019-03-19,1.67,45845973.27,-7840.0
SH603556,2019-03-20,1.61,43812562.62,-99830.0
SH603556,2019-03-21,1.74,47993201.4,220831.0
SH603556,2019-03-22,1.74,47968259.56,270.0
SH603556,2019-03-25,1.91,51024937.28,269450.0
SH603556,2019-03-26,1.75,46351024.72,-258420.0
SH603556,2019-03-27,1.81,46528376.04,92420.0
SH603556,2019-03-28,1.85,47397988.38,64910.0
SH603556,2019-03-29,1.77,46237841.72,-126670.0
SH603556,2019-04-01,2.0,54060552.54,378390.0
SH603556,2019-04-02,2.01,54422565.58,30880.0
SH603556,2019-04-03,2.09,56791799.04,127750.0
SH603556,2019-04-04,2.0,54561105.76,-154670.0
SH603556,2019-04-08,1.85,49711766.52,-248800.0
SH603556,2019-04-09,1.84,51092671.98,-21837.0
SH603556,2019-04-10,1.76,47969307.54,-122475.0
SH603556,2019-04-11,1.78,46435281.28,25402.0
SH603556,2019-04-12,1.79,46495170.72,11600.0
SH603556,2019-04-15,1.78,46280570.28,-2230.0
SH603556,2019-04-16,1.81,47819730.96,46450.0
SH603556,2019-04-17,1.97,52205141.84,264725.0
SH603556,2019-04-23,1.81,45398869.6,-265605.0
SH603556,2019-04-24,1.89,47839775.28,127600.0
SH603556,2019-04-25,1.83,45259560.03,-101893.0
SH603556,2019-04-26,1.82,44258411.73,-5500.0
SH603556,2019-04-29,1.81,43924562.0,-18911.0
SH603556,2019-04-30,1.88,46115798.4,116920.0
SH603556,2019-05-06,1.94,43675960.0,94280.0
SH603556,2019-05-07,2.23,52523181.78,489578.0
SH603556,2019-05-08,2.15,50108551.74,-125800.0
SH603556,2019-05-09,1.83,42296145.18,-538120.0
SH603556,2019-05-14,2.02,47406117.6,313230.0
SH603556,2019-05-15,2.1,50003025.15,130507.0
SH603556,2019-05-16,2.16,51457296.33,97512.0
SH603556,2019-05-17,2.1,48688842.6,-98130.0
SH603556,2019-05-20,2.08,47843086.43,-33430.0
SH603556,2019-05-21,2.29,55054355.16,360600.0
SH603556,2019-05-22,2.25,53733372.33,-68640.0
SH603556,2019-05-23,2.1,48629721.25,-250000.0
SH603556,2019-05-24,2.1,48451658.75,-12950.0
SH603556,2019-05-27,2.22,52482946.05,211684.0
SH603556,2019-05-28,2.22,52649681.72,-6710.0
SH603556,2019-05-29,2.27,53991398.37,81530.0
SH603556,2019-05-30,2.32,56400160.05,98274.0
SH603556,2019-05-31,2.33,55723841.25,1910.0
SH603556,2019-06-03,2.28,54356319.36,-85229.0
SH603556,2019-06-04,2.17,51901079.25,-183035.0
SH603556,2019-06-05,2.08,49656065.2,-145275.0
SH603556,2019-06-06,2.08,46491259.22,6580.0
SH603556,2019-06-10,2.21,50557706.67,211261.0
SH603556,2019-06-11,2.27,53207682.71,104900.0
SH603556,2019-06-12,2.19,50787273.74,-136741.0
SH603556,2019-06-13,2.19,50571347.82,-2313.0
SH603556,2019-06-14,2.11,47538591.42,-127634.0
SH603556,2019-06-17,2.03,45205090.32,-143827.0
SH603556,2019-06-18,2.08,46164676.58,93499.0
SH603556,2019-06-19,2.21,49538505.61,213686.0
SH603556,2019-06-20,2.24,51140936.7,46813.0
SH603556,2019-06-21,2.46,57280829.76,369686.0
SH603556,2019-06-24,2.57,59802585.5,178834.0
SH603556,2019-06-25,2.68,61795558.37,189119.0
SH603556,2019-06-26,2.78,64808542.26,175172.0
SH603556,2019-06-27,2.91,68336029.19,215686.0
SH603556,2019-07-02,3.23,77593945.0,534523.0
SH603556,2019-07-03,3.37,80223865.93,235379.0
SH603556,2019-07-04,3.45,82574655.11,141328.0
SH603556,2019-07-05,3.5,83833610.05,71958.0
SH603556,2019-07-08,3.5,81627793.35,10390.0
SH603556,2019-07-09,3.54,82781887.5,66045.0
SH603556,2019-07-10,3.49,80717068.62,-89444.0
SH603556,2019-07-11,3.47,80344177.02,-27080.0
SH603556,2019-07-12,3.5,80508287.01,37505.0
SH603556,2019-07-15,3.48,81483777.45,-31100.0
SH603556,2019-07-16,3.49,82695619.0,27969.0
SH603556,2019-07-17,3.51,83008247.92,22188.0
SH603556,2019-07-18,3.47,80721788.8,-63000.0
SH603556,2019-07-19,3.5,80268613.27,43593.0
SH603556,2019-07-22,3.51,80009023.75,32844.0
SH603556,2019-07-23,3.58,82679158.44,112681.0
SH603556,2019-07-24,3.69,87073651.08,184421.0
SH603556,2019-07-25,3.71,88607550.24,29365.0
SH603556,2019-07-26,3.76,89939092.78,89194.0
SH603556,2019-07-29,3.99,95791928.96,383038.0
SH603556,2019-07-30,4.05,96862528.52,103500.0
SH603556,2019-07-31,4.15,99817187.68,163550.0
SH603556,2019-08-01,4.33,104163150.12,293344.0
SH603556,2019-08-02,4.22,100613684.16,-173354.0
SH603556,2019-08-05,4.22,101373671.34,-6350.0
SH603556,2019-08-06,3.77,87299490.0,-758064.0
SH603556,2019-08-07,3.67,87051821.4,-165270.0
SH603556,2019-08-08,3.75,92711226.24,137537.0
SH603556,2019-08-09,3.69,89090835.57,-107154.0
SH603556,2019-08-12,3.67,88402213.55,-30730.0
SH603556,2019-08-13,3.39,80070890.24,-473580.0
SH603556,2019-08-14,3.37,76570504.89,-27540.0
SH603556,2019-08-15,3.29,72755964.95,-126540.0
SH603556,2019-08-16,3.4,75930741.59,172016.0
SH603556,2019-08-19,3.47,79581233.94,121070.0
SH603556,2019-08-20,3.5,80357386.25,52516.0
SH603556,2019-08-21,3.65,83712717.44,258921.0
SH603556,2019-08-22,3.79,88009850.72,231000.0
SH603556,2019-08-23,3.82,87213145.5,49154.0
SH603556,2019-08-26,4.01,90384450.63,312591.0
SH603556,2019-08-27,4.0,99252051.57,-10200.0
SH603556,2019-08-28,5.13,136797863.0,1894634.0
SH603556,2019-08-29,5.38,140431271.76,410671.0
SH603556,2019-08-30,5.41,143103342.26,66553.0
SH603556,2019-09-02,5.54,150822745.2,218347.0
SH603556,2019-09-03,5.5,155518578.8,-74976.0
SH603556,2019-09-04,5.52,158556672.0,37250.0
SH603556,2019-09-05,5.17,154635805.87,-589793.0
SH603556,2019-09-06,5.27,161795424.0,158753.0
SH603556,2019-09-09,5.34,167044553.64,125148.0
SH603556,2019-09-10,5.69,172875402.63,589979.0
SH603556,2019-09-11,5.8,182926155.47,178886.0
SH603556,2019-09-12,5.72,174852747.78,-133275.0
SH603556,2019-09-16,5.59,171042472.84,-214396.0
SH603556,2019-09-17,5.72,172088159.54,210156.0
SH603556,2019-09-18,6.49,199043918.76,1290839.0
SH603556,2019-09-19,6.67,206244466.56,308151.0
SH603556,2019-09-20,6.58,213488020.04,-152380.0
SH603556,2019-09-23,6.92,220639932.0,568240.0
SH603556,2019-09-24,6.9,222667689.09,-33445.0
SH603556,2019-09-25,7.13,228763450.4,397961.0
SH603556,2019-09-26,7.61,242783344.49,794205.0
SH603556,2019-09-27,8.04,250847176.58,722313.0
SH603556,2019-09-30,8.17,255875948.5,226228.0
SH603556,2019-10-08,8.15,253957333.76,-36844.0
SH603556,2019-10-09,8.21,265564570.88,91050.0
SH603556,2019-10-10,8.24,265076836.47,53595.0
SH603556,2019-10-11,8.17,261732361.32,-110062.0
SH603556,2019-10-14,8.01,266026560.6,-268359.0
SH603556,2019-10-15,8.27,265252453.3,438293.0
SH603556,2019-10-16,8.65,268822096.64,627669.0
SH603556,2019-10-17,9.05,276890766.66,673510.0
SH603556,2019-10-18,9.38,286635451.92,551810.0
SH603556,2019-10-21,9.55,289439565.24,286002.0
SH603556,2019-10-22,9.98,313254639.5,725031.0
SH603556,2019-10-23,10.33,318571694.98,590369.0
SH603556,2019-10-24,10.35,320912999.28,32870.0
SH603556,2019-10-25,10.51,322012707.94,260045.0
SH603556,2019-10-28,10.64,330494156.5,229680.0
SH603556,2019-10-29,10.6,298941367.2,-70420.0
SH603556,2019-10-30,10.81,297804055.72,342537.0
SH603556,2019-10-31,11.08,308001791.52,462476.0
SH603556,2019-11-01,11.34,305741222.16,438294.0
SH603556,2019-11-04,11.46,309785650.11,191965.0
SH603556,2019-11-05,11.47,308370117.42,19670.0
SH603556,2019-11-06,11.6,314767661.67,217080.0
SH603556,2019-11-07,11.83,315257715.88,386350.0
SH603556,2019-11-08,11.97,319711839.84,229901.0
SH603556,2019-11-11,11.95,320832992.0,-30340.0
SH603556,2019-11-12,4.12,320299155.36,117910.0
SH603556,2019-11-13,4.17,319797769.23,212295.0
SH603556,2019-11-14,4.21,330040162.26,232359.0
SH603556,2019-11-15,4.13,317909814.76,-417052.0
SH603556,2019-11-18,4.03,315112400.52,-478400.0
SH603556,2019-11-19,4.0,312495188.04,-139275.0
SH603556,2019-11-20,3.97,298463357.2,-173959.0
SH603556,2019-11-21,4.29,344701617.03,1599643.0
SH603556,2019-11-22,3.91,311414121.6,-1853423.0
SH603556,2019-11-25,3.69,281103645.72,-1086373.0
SH603556,2019-11-26,3.65,277078395.0,-201287.0
SH603556,2019-11-27,3.6,275459699.68,-229436.0
SH603556,2019-11-28,3.57,267190885.5,-183014.0
SH603556,2019-11-29,3.59,267054804.0,117345.0
SH603556,2019-12-02,3.62,267023420.01,125994.0
SH603556,2019-12-03,3.63,266795094.9,79101.0
SH603556,2019-12-04,3.61,262609680.0,-125990.0
SH603556,2019-12-05,3.67,274465132.7,302130.0
SH603556,2019-12-06,3.76,284980589.86,447084.0
SH603556,2019-12-09,3.9,297346590.26,687433.0
SH603556,2019-12-10,3.9,295210493.36,9969.0
SH603556,2019-12-11,3.78,289669775.09,-609489.0
SH603556,2019-12-12,3.68,275266602.4,-470797.0
SH603556,2019-12-13,3.66,277848489.5,-89121.0
SH603556,2019-12-16,3.65,285809682.76,-40247.0
SH603556,2019-12-17,3.64,288400613.57,-71959.0
SH603556,2019-12-18,3.57,281064268.8,-356095.0
SH603556,2019-12-19,3.3,263965403.18,-1292962.0
SH603556,2019-12-20,3.34,261115248.9,206416.0
SH603556,2019-12-23,3.31,262059205.6,-154327.0
SH603556,2019-12-27,3.27,254847970.82,-228582.0
SH603556,2019-12-30,3.24,253429296.9,-128798.0
SH603556,2019-12-31,3.27,260578874.2,127279.0
SH603556,2020-01-02,3.29,266293324.47,123265.0
SH603556,2020-01-03,3.34,281094847.82,252050.0
SH603556,2020-01-06,3.34,280489016.98,-25755.0
SH603556,2020-01-07,3.31,280540790.82,-157171.0
SH603556,2020-01-08,3.37,278891598.6,304132.0
SH603556,2020-01-09,3.37,283246501.65,32876.0
SH603556,2020-01-10,3.39,283486683.48,81750.0
SH603556,2020-01-13,3.34,289883624.12,-238460.0
SH603556,2020-01-14,3.33,285109317.5,-67160.0
SH603556,2020-01-15,3.37,284381990.86,184400.0
SH603556,2020-01-16,3.39,286659630.72,112738.0
SH603556,2020-01-17,3.4,286220174.4,70981.0
SH603556,2020-01-20,3.42,287749292.0,69530.0
SH603556,2020-01-21,3.42,284010877.8,26194.0
SH603556,2020-01-22,3.45,289153444.48,134000.0
SH603556,2020-01-23,3.42,269970409.1,-173370.0
SH603556,2020-02-03,3.42,243058404.36,100.0
SH603556,2020-02-04,3.37,241267484.92,-225250.0
SH603556,2020-02-05,3.41,243617454.2,194843.0
SH603556,2020-02-06,3.42,249456500.3,55920.0
SH603556,2020-02-07,3.27,250216996.95,-733282.0
SH603556,2020-02-10,3.24,246754715.7,-170850.0
SH603556,2020-02-11,3.28,245241328.5,190930.0
SH603556,2020-02-12,3.34,252492011.25,313680.0
SH603556,2020-02-13,3.32,246621726.05,-106730.0
SH603556,2020-02-14,3.3,247724323.4,-65800.0
SH603556,2020-02-17,3.46,267889114.23,774288.0
SH603556,2020-02-18,3.43,276365441.04,-154159.0
SH603556,2020-02-19,3.51,284694452.64,401570.0
SH603556,2020-02-20,3.56,291117227.66,250920.0
SH603556,2020-02-21,3.66,301045604.68,455460.0
SH603556,2020-02-24,3.82,319883279.52,786697.0
SH603556,2020-02-25,3.96,327499539.9,693900.0
SH603556,2020-02-26,3.81,310763612.16,-747759.0
SH603556,2020-02-27,3.75,312552965.28,-267048.0
SH603556,2020-02-28,3.51,272731014.6,-1210970.0
SH603556,2020-03-02,3.6,301523243.68,459445.0
SH603556,2020-03-03,3.48,293903763.28,-584311.0
SH603556,2020-03-04,3.37,285564435.28,-540474.0
SH603556,2020-03-05,3.43,308254761.54,274532.0
SH603556,2020-03-06,3.35,298847570.88,-377899.0
SH603556,2020-03-09,3.38,290386839.68,143237.0
SH603556,2020-03-10,3.25,285877587.6,-601096.0
SH603556,2020-03-11,3.09,267525291.28,-794807.0
SH603556,2020-03-12,3.02,253927009.81,-342528.0
SH603556,2020-03-13,2.84,231562389.51,-864616.0
SH603556,2020-03-16,2.81,215334343.95,-164994.0
SH603556,2020-03-17,2.84,214627626.32,141370.0
SH603556,2020-03-18,2.75,199944573.36,-427399.0
SH603556,2020-03-19,2.76,202095943.11,26709.0
SH603556,2020-03-20,2.68,199689230.92,-379877.0
SH603556,2020-03-23,2.7,193859543.88,85505.0
SH603556,2020-03-24,2.66,194880855.96,-161457.0
SH603556,2020-03-25,2.69,199816524.57,127587.0
SH603556,2020-03-26,2.69,198134691.24,-15467.0
SH603556,2020-03-27,2.71,198230242.6,103194.0
SH603556,2020-03-30,2.7,188765235.12,-40694.0
SH603556,2020-03-31,2.69,185294926.99,-68043.0
SH603556,2020-04-01,2.64,182620481.08,-208183.0
SH603556,2020-04-02,2.67,188742822.15,119159.0
SH603556,2020-04-03,2.66,185806744.76,-31861.0
SH603556,2020-04-07,2.71,194413938.4,240650.0
SH603556,2020-04-08,2.72,194123495.37,34667.0
SH603556,2020-04-14,2.7,192577845.36,-105939.0
SH603556,2020-04-15,2.71,198254860.74,70767.0
SH603556,2020-04-16,2.71,195900279.45,-24616.0
SH603556,2020-04-17,2.7,195854778.8,-12024.0
SH603556,2020-04-20,2.7,197115060.66,-13105.0
SH603556,2020-04-21,2.71,193769360.4,51548.0
SH603556,2020-04-22,2.75,199401273.32,173930.0
SH603556,2020-04-23,2.76,197591016.48,78564.0
SH603556,2020-04-24,2.77,195115247.54,34718.0
SH603556,2020-04-27,2.75,194720943.92,-111507.0
SH603556,2020-04-28,2.7,203078427.75,-217714.0
SH603556,2020-05-06,2.68,195628622.96,-118027.0
SH603556,2020-05-07,2.68,195683822.29,-5085.0
SH603556,2020-05-08,2.71,200524868.37,181840.0
SH603556,2020-05-11,2.74,201415722.39,112320.0
SH603556,2020-05-12,2.74,200023703.46,14493.0
SH603556,2020-05-13,2.76,202076227.62,83340.0
SH603556,2020-05-14,2.81,202735003.5,246000.0
SH603556,2020-05-15,2.83,206755193.65,103559.0
SH603556,2020-05-18,2.77,199114015.0,-284680.0
SH603556,2020-05-19,2.83,204721421.4,306390.0
SH603556,2020-05-20,2.81,202677697.42,-119832.0
SH603556,2020-05-21,2.86,205401646.97,232230.0
SH603556,2020-05-22,2.89,201195166.69,156390.0
SH603556,2020-05-25,2.87,196213487.85,-73320.0
SH603556,2020-05-26,2.99,208264246.48,570093.0
SH603556,2020-05-27,3.04,214969637.36,251518.0
SH603556,2020-05-28,3.09,219546352.98,222772.0
SH603556,2020-05-29,3.12,223089864.09,159803.0
SH603556,2020-06-01,3.22,236219985.0,478330.0
SH603556,2020-06-02,3.29,243911891.73,330570.0
SH603556,2020-06-03,3.32,248592627.28,190582.0
SH603556,2020-06-04,3.28,243535477.35,-194202.0
SH603556,2020-06-05,3.28,230646198.68,-13236.0
SH603556,2020-06-08,3.28,230421250.5,-4483.0
SH603556,2020-06-09,3.29,232868322.6,47080.0
SH603556,2020-06-10,3.26,231113354.16,-143443.0
SH603556,2020-06-11,3.24,226666682.76,-87850.0
SH603556,2020-06-12,3.27,227223397.06,151200.0
SH603556,2020-06-15,3.28,227318225.52,29330.0
SH603556,2020-06-16,3.3,236976641.64,89276.0
SH603556,2020-06-17,3.32,238955397.76,90560.0
SH603556,2020-06-18,3.38,244437304.68,327410.0
SH603556,2020-06-19,3.43,248803032.52,204910.0
SH603556,2020-06-22,3.44,247147092.44,69930.0
SH603556,2020-06-23,3.43,247943989.5,-25871.0
SH603556,2020-06-24,3.45,246611007.96,58296.0
SH603556,2020-06-29,3.46,242686166.8,43870.0
SH603556,2020-07-02,3.51,255624665.76,267149.0
SH603556,2020-07-03,3.55,262005783.75,183798.0
SH603556,2020-07-06,3.66,279231523.9,525115.0
SH603556,2020-07-07,3.61,275300703.6,-240509.0
SH603556,2020-07-08,3.61,277006075.56,41285.0
SH603556,2020-07-09,3.61,279322787.82,-43612.0
SH603556,2020-07-10,3.57,274082331.31,-198793.0
SH603556,2020-07-13,3.59,280614921.99,103040.0
SH603556,2020-07-14,3.55,272755497.28,-154280.0
SH603556,2020-07-15,3.55,265465712.76,-10333.0
SH603556,2020-07-16,3.53,251632079.55,-90487.0
SH603556,2020-07-17,3.33,235155976.5,-1020531.0
SH603556,2020-07-20,3.36,247456910.97,190429.0
SH603556,2020-07-21,3.41,251224419.93,206300.0
SH603556,2020-07-22,3.43,251683380.0,108393.0
SH603556,2020-07-23,3.42,253835523.0,-24072.0
SH603556,2020-07-24,3.3,235319450.4,-614940.0
SH603556,2020-07-27,3.2,225674341.06,-489787.0
SH603556,2020-07-28,3.14,222461347.5,-297343.0
SH603556,2020-07-29,3.13,225392895.0,-19900.0
SH603556,2020-07-30,3.12,224952983.04,-50718.0
SH603556,2020-07-31,3.11,228959955.9,-48602.0
SH603556,2020-08-03,3.08,230904219.64,-161453.0
SH603556,2020-08-04,3.03,223083844.06,-219624.0
SH603556,2020-08-05,3.03,222942439.89,-19290.0
SH603556,2020-08-06,3.04,223912094.45,24972.0
SH603556,2020-08-07,2.95,214564256.06,-428797.0
SH603556,2020-08-10,2.95,217021499.84,283.0
SH603556,2020-08-11,2.89,209562921.36,-289073.0
SH603556,2020-08-12,2.75,196591466.82,-666150.0
SH603556,2020-08-13,2.75,196486670.16,2054.0
SH603556,2020-08-14,2.74,198685100.64,-69900.0
SH603556,2020-08-17,2.76,203802495.4,90302.0
SH603556,2020-08-18,2.77,204807832.89,75567.0
SH603556,2020-08-19,2.74,199975626.7,-151238.0
SH603556,2020-08-20,2.67,194003553.73,-339352.0
SH603556,2020-08-21,2.65,191209443.84,-92059.0
SH603556,2020-08-24,2.68,193274796.0,113604.0
SH603556,2020-08-25,2.7,198515283.19,139805.0
SH603556,2020-08-26,2.61,187838668.34,-473727.0
SH603556,2020-08-27,2.59,189580244.67,-105443.0
SH603556,2020-08-28,2.7,200582296.2,549579.0
SH603556,2020-08-31,2.7,201908017.5,26280.0
SH603556,2020-09-01,2.67,198045381.56,-184802.0
SH603556,2020-09-02,2.62,192749664.87,-230739.0
SH603556,2020-09-03,2.56,187687805.48,-295103.0
SH603556,2020-09-04,2.49,182936014.9,-349731.0
SH603556,2020-09-07,2.4,173695207.68,-411527.0
SH603556,2020-09-08,2.41,176884563.29,32203.0
SH603556,2020-09-09,2.42,176038790.4,54293.0
SH603556,2020-09-10,2.38,168890890.08,-222860.0
SH603556,2020-09-11,2.38,170961192.9,38102.0
SH603556,2020-09-14,2.37,169946958.98,-45427.0
SH603556,2020-09-15,2.38,171073365.32,29220.0
SH603556,2020-09-16,2.39,171345772.14,34480.0
SH603556,2020-09-17,2.38,170916847.35,-21300.0
SH603556,2020-09-18,2.46,178758202.84,379022.0
SH603556,2020-09-21,2.46,181165176.32,23931.0
SH603556,2020-09-22,2.44,175396607.4,-137890.0
SH603556,2020-09-23,2.41,173591153.4,-122820.0
SH603556,2020-09-24,2.39,170407167.84,-105133.0
SH603556,2020-09-25,2.36,170371914.88,-129610.0
SH603556,2020-09-28,2.31,159467579.62,-272437.0
SH603556,2020-09-29,2.34,161399231.02,153136.0
SH603556,2020-09-30,2.27,155141098.49,-317685.0
SH603556,2020-10-09,2.3,160301489.53,143700.0
SH603556,2020-10-12,2.34,165661883.4,199487.0
SH603556,2020-10-14,2.35,165577836.4,50110.0
SH603556,2020-10-15,2.32,164057267.4,-161310.0
SH603556,2020-10-16,2.3,163293783.6,-91985.0
SH603556,2020-10-19,2.29,161547120.14,-43042.0
SH603556,2020-10-20,2.28,161067167.84,-79917.0
SH603556,2020-10-21,2.28,159356137.6,36504.0
SH603556,2020-10-22,2.33,163739769.96,227654.0
SH603556,2020-10-27,2.26,158787336.03,-368475.0
SH603556,2020-10-28,2.25,159398002.5,-26544.0
SH603556,2020-10-29,2.21,155175438.04,-217286.0
SH603556,2020-10-30,2.19,154391159.01,-77030.0
SH603556,2020-11-02,2.15,155348858.5,-196933.0
SH603556,2020-11-03,2.13,155155920.1,-118977.0
SH603556,2020-11-04,2.18,159414305.61,278622.0
SH603556,2020-11-05,2.23,164103428.22,233890.0
SH603556,2020-11-06,2.32,171190029.09,418940.0
SH603556,2020-11-09,2.33,173237795.7,90237.0
SH603556,2020-11-10,2.37,172890082.89,160741.0
SH603556,2020-11-11,2.4,174845512.31,146900.0
SH603556,2020-11-12,2.37,170848074.07,-128062.0
SH603556,2020-11-13,2.35,171234518.4,-83473.0
SH603556,2020-11-16,2.38,176636514.12,105190.0
SH603556,2020-11-17,2.35,174340296.86,-113312.0
SH603556,2020-11-18,2.3,171538668.99,-244803.0
SH603556,2020-11-19,2.27,171432457.29,-138808.0
SH603556,2020-11-20,2.29,171250163.97,75600.0
SH603556,2020-11-23,2.3,173253838.25,72084.0
SH603556,2020-11-24,2.3,174729273.6,-43055.0
SH603556,2020-11-25,2.31,172001098.24,57152.0
SH603556,2020-11-26,2.35,174276582.48,225237.0
SH603556,2020-11-27,2.33,174980130.57,-112000.0
SH603556,2020-11-30,2.25,165249967.54,-382856.0
SH603556,2020-12-01,2.26,168863736.79,56200.0
SH603556,2020-12-02,2.24,166906605.64,-128505.0
SH603556,2020-12-03,2.22,165072631.36,-70372.0
SH603556,2020-12-04,2.23,165558645.8,32059.0
SH603556,2020-12-07,2.22,162654944.72,-26251.0
SH603556,2020-12-08,2.24,164173179.96,94330.0
SH603556,2020-12-09,2.23,161539660.32,-81362.0
SH603556,2020-12-10,2.25,163790608.52,129631.0
SH603556,2020-12-11,2.26,158663006.71,34984.0
SH603556,2020-12-14,2.2,150937236.9,-275432.0
SH603556,2020-12-15,2.25,157090995.04,235016.0
SH603556,2020-12-16,2.28,158891496.4,157871.0
SH603556,2020-12-17,2.32,162989018.76,184430.0
SH603556,2020-12-18,2.32,161030608.25,6283.0
SH603556,2020-12-21,2.34,160803054.36,72954.0
SH603556,2020-12-22,2.38,161608157.6,223681.0
SH603556,2020-12-23,2.39,161577486.46,48617.0
SH603556,2020-12-28,2.39,156196140.84,930.0
SH603556,2020-12-29,2.41,162655049.55,68708.0
SH603556,2020-12-30,2.42,162317648.02,61513.0
SH603556,2020-12-31,2.41,162564435.0,-33790.0
SH603556,2021-01-04,2.43,165125383.6,56656.0
SH603556,2021-01-05,2.48,168120541.92,267914.0
SH603556,2021-01-06,2.54,171082813.44,285906.0
SH603556,2021-01-07,2.52,166250646.32,-100210.0
SH603556,2021-01-08,2.57,168283831.38,253540.0
SH603556,2021-01-11,2.56,165492148.8,-49390.0
SH603556,2021-01-12,2.63,171074982.2,354576.0
SH603556,2021-01-13,2.66,168961524.9,155362.0
SH603556,2021-01-14,2.67,170968304.04,33750.0
SH603556,2021-01-15,2.66,171031808.32,-45011.0
SH603556,2021-01-18,2.66,171605721.98,-15800.0
SH603556,2021-01-19,2.66,172682890.75,12510.0
SH603556,2021-01-20,2.64,170301247.29,-121280.0
SH603556,2021-01-21,2.62,169071949.2,-102910.0
SH603556,2021-01-22,2.6,165844328.52,-80597.0
SH603556,2021-01-25,2.58,158468611.55,-100903.0
SH603556,2021-01-26,2.62,163946457.6,181336.0
SH603556,2021-01-27,2.65,168781082.04,144951.0
SH603556,2021-01-28,2.66,167075532.95,48719.0
SH603556,2021-01-29,2.65,165589739.3,-34897.0
SH603556,2021-02-01,2.63,165553567.2,-73510.0
SH603556,2021-02-02,2.58,164533811.0,-237133.0
SH603556,2021-02-03,2.54,158141531.12,-233703.0
SH603556,2021-02-04,2.49,147085430.38,-236710.0
SH603556,2021-02-05,2.45,143087097.3,-172004.0
SH603556,2021-02-08,2.45,144767856.5,-100.0
SH603556,2021-02-09,2.47,150424355.6,78060.0
SH603556,2021-02-10,2.46,150302811.96,-29164.0
SH603556,2021-02-18,2.47,151370018.24,17782.0
SH603556,2021-02-19,2.52,158659864.2,256862.0
SH603556,2021-02-22,2.58,164722582.08,314034.0
SH603556,2021-02-23,2.56,162672367.08,-128612.0
SH603556,2021-02-24,2.56,162046222.48,0.0
SH603556,2021-02-25,2.49,157114283.04,-315100.0
SH603556,2021-02-26,2.52,161237702.14,138127.0
SH603556,2021-03-01,2.54,164207629.82,112930.0
SH603556,2021-03-02,2.49,161472664.23,-290600.0
SH603556,2021-03-03,2.5,162795177.21,81200.0
SH603556,2021-03-04,2.49,162871461.9,-76694.0
SH603556,2021-03-05,2.46,160342917.58,-144029.0
SH603556,2021-03-08,2.47,161657950.56,71420.0
SH603556,2021-03-09,2.48,158302287.84,39600.0
SH603556,2021-03-10,2.45,155455567.08,-163200.0
SH603556,2021-03-11,2.45,161046281.97,32871.0
SH603556,2021-03-12,2.45,162887725.69,-5900.0
SH603556,2021-03-15,2.46,163337754.86,24300.0
SH603556,2021-03-16,2.47,166980703.8,72234.0
SH603556,2021-03-17,2.48,164562139.56,35800.0
SH603556,2021-03-18,2.45,163425559.16,-128095.0
SH603556,2021-03-19,2.39,159037686.0,-287956.0
SH603556,2021-03-22,2.42,163462293.0,151100.0
SH603556,2021-03-23,2.4,159720998.82,-135338.0
SH603556,2021-03-24,2.4,159865552.0,19258.0
SH603556,2021-03-25,2.37,154408310.07,-136437.0
SH603556,2021-03-26,2.4,158379957.4,130872.0
SH603556,2021-03-29,2.32,156459958.83,-386876.0
SH603556,2021-03-30,2.32,154109326.1,11003.0
SH603556,2021-03-31,2.35,159550454.08,154830.0
SH603556,2021-04-07,2.35,154398371.04,-31684.0
SH603556,2021-04-08,2.34,153664220.09,-54665.0
SH603556,2021-04-09,2.35,153578183.28,53510.0
SH603556,2021-04-12,2.33,147074208.4,-76568.0
SH603556,2021-04-13,2.31,144549286.4,-125892.0
SH603556,2021-04-14,2.3,144567195.49,-25010.0
SH603556,2021-04-15,2.3,144276250.23,-5120.0
SH603556,2021-04-16,2.32,147528600.91,111820.0
SH603556,2021-04-19,2.31,147374391.78,-46825.0
SH603556,2021-04-20,2.31,146006651.98,-18200.0
SH603556,2021-04-21,2.28,143217184.4,-146898.0
SH603556,2021-04-22,2.28,143098076.1,8130.0
SH603556,2021-04-23,2.26,139422906.0,-105500.0
SH603556,2021-04-26,2.24,138200643.0,-97005.0
SH603556,2021-04-27,2.22,135001117.86,-72331.0
SH603556,2021-04-28,2.23,136323112.5,9875.0
SH603556,2021-04-29,2.24,139407646.0,71131.0
SH603556,2021-04-30,2.2,129596651.67,-204191.0
SH603556,2021-05-06,2.22,131033718.43,83360.0
SH603556,2021-05-07,2.22,131855968.79,32040.0
SH603556,2021-05-10,2.22,131681100.39,-14440.0
SH603556,2021-05-11,2.21,130984221.48,-66470.0
SH603556,2021-05-12,2.22,132065135.68,71233.0
SH603556,2021-05-13,2.22,131574865.5,4438.0
SH603556,2021-05-14,2.24,133624951.5,78900.0
SH603556,2021-05-17,2.23,134201120.4,-33420.0
SH603556,2021-05-20,2.21,131583828.99,-116283.0
SH603556,2021-05-21,2.21,131950930.32,-5355.0
SH603556,2021-05-24,2.21,132563569.68,23565.0
SH603556,2021-05-25,2.19,132098150.1,-90670.0
SH603556,2021-05-26,2.14,128780289.47,-278250.0
SH603556,2021-05-27,2.11,127378465.36,-139033.0
SH603556,2021-05-28,2.1,126469424.1,-40337.0
SH603556,2021-05-31,2.1,126191625.48,-5876.0
SH603556,2021-06-01,2.11,127183493.79,38772.0
SH603556,2021-06-02,2.09,125343665.4,-91173.0
SH603556,2021-06-03,2.04,125067503.39,-210379.0
SH603556,2021-06-04,2.06,124753216.25,88064.0
SH603556,2021-06-07,2.06,126345729.99,14276.0
SH603556,2021-06-08,2.06,126987272.4,-29391.0
SH603556,2021-06-09,2.02,124228437.96,-179786.0
SH603556,2021-06-10,2.01,117856636.0,-44094.0
SH603556,2021-06-11,1.95,114668582.64,-290812.0
SH603556,2021-06-15,1.92,111961150.0,-163168.0
SH603556,2021-06-16,1.89,108911580.84,-131534.0
SH603556,2021-06-17,1.91,108735129.84,64540.0
SH603556,2021-06-18,1.83,106163055.72,-359860.0
SH603556,2021-06-21,1.8,104101526.34,-152000.0
SH603556,2021-06-22,1.78,103408940.18,-88400.0
SH603556,2021-06-23,1.75,102487599.78,-150500.0
SH603556,2021-06-24,1.73,100095428.16,-129594.0
SH603556,2021-06-25,1.69,97196047.2,-196182.0
SH603556,2021-06-28,1.67,97132084.0,-102610.0
SH603556,2021-06-29,1.64,94875401.42,-108421.0
SH603556,2021-07-02,1.65,93621519.09,9930.0
SH603556,2021-07-05,1.61,91079724.57,-164500.0
SH603556,2021-07-06,1.59,90769463.47,-94600.0
SH603556,2021-07-07,1.6,91068891.48,32485.0
SH603556,2021-07-08,1.56,88448405.62,-166100.0
SH603556,2021-07-09,1.56,88592183.19,-40475.0
SH603556,2021-07-12,1.52,87449799.64,-169092.0
SH603556,2021-07-13,1.53,88582117.26,26335.0
SH603556,2021-07-14,1.55,89286651.36,91590.0
SH603556,2021-07-15,1.53,87701445.0,-83662.0
SH603556,2021-07-16,1.54,88426018.5,42600.0
SH603556,2021-07-19,1.54,89668950.0,28550.0
SH603556,2021-07-20,1.54,88100573.65,-4719.0
SH603556,2021-07-21,1.54,88376855.91,-2242.0
SH603556,2021-07-22,1.6,91971656.25,267336.0
SH603556,2021-07-23,1.59,91072873.85,-36710.0
SH603556,2021-07-26,1.58,89654017.66,-21686.0
SH603556,2021-07-27,1.57,89176017.97,-61458.0
SH603556,2021-07-28,1.56,86407947.3,-60800.0
SH603556,2021-07-29,1.56,86517704.13,-10560.0
SH603556,2021-07-30,1.55,94588794.16,-44765.0
SH603556,2021-08-02,1.57,98331059.2,90718.0
SH603556,2021-08-03,1.61,99447919.2,210578.0
SH603556,2021-08-04,1.56,101139891.6,-230579.0
SH603556,2021-08-05,1.57,99356896.29,34006.0
SH603556,2021-08-06,1.57,95484079.6,4210.0
SH603556,2021-08-09,1.55,95033358.73,-79370.0
SH603556,2021-08-10,1.54,97520025.36,-78807.0
SH603556,2021-08-11,1.53,106824223.44,-29900.0
SH603556,2021-08-12,1.58,110472250.56,223900.0
SH603556,2021-08-13,1.61,110039947.7,180391.0
SH603556,2021-08-16,1.71,114448206.6,467941.0
SH603556,2021-08-17,1.75,114941676.08,212500.0
SH603556,2021-08-18,1.75,114659212.72,-33936.0
SH603556,2021-08-19,1.79,113072073.3,202229.0
SH603556,2021-08-20,1.79,111972234.0,16859.0
SH603556,2021-08-23,1.82,116620732.6,120210.0
SH603556,2021-08-24,1.76,113254206.78,-276740.0
SH603556,2021-08-25,1.75,114281680.48,-71588.0
SH603556,2021-08-26,1.63,108761402.46,-562732.0
SH603556,2021-08-27,1.59,105367311.0,-186300.0
SH603556,2021-08-30,1.57,101085126.96,-94450.0
SH603556,2021-08-31,1.47,92561856.16,-512880.0
SH603556,2021-09-01,1.47,95455275.06,28330.0
SH603556,2021-09-02,1.45,96300819.27,-139833.0
SH603556,2021-09-03,1.39,90904806.72,-281901.0
SH603556,2021-09-06,1.39,90319398.18,-8210.0
SH603556,2021-09-07,1.35,88553988.2,-157812.0
SH603556,2021-09-08,1.3,86260887.68,-243798.0
SH603556,2021-09-09,1.24,80133708.22,-319094.0
SH603556,2021-09-10,1.24,79778919.7,-8500.0
SH603556,2021-09-13,1.24,79962238.22,-4500.0
SH603556,2021-09-14,1.17,73748425.38,-305240.0
SH603556,2021-09-15,1.2,76681644.0,141490.0
SH603556,2021-09-16,1.16,72474591.36,-200900.0
SH603556,2021-09-23,1.06,70054559.82,-481414.0
SH603556,2021-09-24,1.0,64272895.12,-287371.0
SH603556,2021-09-27,1.0,63245305.38,583.0
SH603556,2021-09-28,0.94,60316930.35,-307499.0
SH603556,2021-09-29,0.87,53442405.45,-363628.0
SH603556,2021-09-30,0.85,52924109.76,-71325.0
SH603556,2021-10-08,0.85,52617236.76,-20982.0
SH603556,2021-10-11,0.82,50699800.0,-110068.0
SH603556,2021-10-12,0.78,46635541.7,-201807.0
SH603556,2021-10-15,0.78,46815963.52,-4180.0
SH603556,2021-10-18,0.78,47372183.1,1400.0
SH603556,2021-10-19,0.79,47738188.68,10916.0
SH603556,2021-10-20,0.78,47366115.55,-27000.0
SH603556,2021-10-21,0.73,43657746.33,-259740.0
SH603556,2021-10-22,0.72,42383566.23,-46550.0
SH603556,2021-10-25,0.72,43015168.14,2600.0
SH603556,2021-10-26,0.72,42744372.11,9750.0
SH603556,2021-10-27,0.71,41735472.16,-40075.0
SH603556,2021-10-28,0.7,40703570.88,-40110.0
SH603556,2021-10-29,0.71,41135104.08,36695.0
SH603556,2021-11-01,0.72,42521449.55,30868.0
SH603556,2021-11-02,0.72,42151288.41,10400.0
SH603556,2021-11-03,0.73,43030366.47,55700.0
SH603556,2021-11-04,0.73,44148885.26,6200.0
SH603556,2021-11-05,0.73,44480838.96,-19663.0
SH603556,2021-11-08,0.72,44274827.52,-50700.0
SH603556,2021-11-09,0.72,45004882.08,24200.0
SH603556,2021-11-10,0.74,45688245.28,76928.0
SH603556,2021-11-11,0.75,46358361.12,56200.0
SH603556,2021-11-12,0.76,47528646.88,60300.0
SH603556,2021-11-15,0.81,55544268.6,233352.0
SH603556,2021-11-16,0.8,54649732.98,-24410.0
SH603556,2021-11-17,0.84,59121878.4,148428.0
SH603556,2021-11-18,0.84,57387586.52,2230.0
SH603556,2021-11-19,0.88,59212003.84,233140.0
SH603556,2021-11-22,0.86,58820415.2,-91026.0
SH603556,2021-11-23,0.84,57259180.16,-112806.0
SH603556,2021-11-24,0.87,59415241.56,143413.0
SH603556,2021-11-25,0.8,56515852.8,-355925.0
SH603556,2021-11-26,0.78,52659980.62,-103233.0
SH603556,2021-11-29,0.8,55080696.15,126958.0
SH603556,2021-11-30,0.81,56123400.96,37600.0
SH603556,2021-12-01,0.83,57584809.59,106700.0
SH603556,2021-12-02,0.87,58415726.32,164969.0
SH603556,2021-12-03,0.85,60002452.8,-90869.0
SH603556,2021-12-06,0.79,55263841.45,-283222.0
SH603556,2021-12-07,0.79,54204010.0,-11900.0
SH603556,2021-12-08,0.77,52990989.48,-97428.0
SH603556,2021-12-09,0.77,52197411.0,35743.0
SH603556,2021-12-10,0.82,55427431.8,212280.0
SH603556,2021-12-13,0.82,55393198.5,18040.0
SH603556,2021-12-14,0.82,55907699.45,-3693.0
SH603556,2021-12-15,0.94,67282307.04,559129.0
SH603556,2021-12-16,0.92,64950749.96,-79044.0
SH603556,2021-12-17,0.83,59187799.5,-448852.0
SH603556,2021-12-20,0.81,58425885.8,-66117.0
SH603556,2021-12-21,0.9,63079456.28,400143.0
SH603556,2021-12-22,0.89,62377239.21,-6057.0
SH603556,2021-12-23,0.85,59355367.68,-233491.0
SH603556,2021-12-28,0.82,55675732.21,-124969.0
SH603556,2021-12-29,0.84,56219204.04,108560.0
SH603556,2021-12-30,0.84,57098895.04,3670.0
SH603556,2021-12-31,0.84,56768314.8,-35983.0
SH603556,2022-01-04,0.82,56508298.0,-77339.0
SH603556,2022-01-05,0.79,52884800.92,-167631.0
SH603556,2022-01-06,0.82,56504822.22,176050.0
SH603556,2022-01-07,0.8,54290938.8,-110600.0
SH603556,2022-01-10,0.8,53945847.51,655.0
SH603556,2022-01-11,0.81,54959532.71,44910.0
SH603556,2022-01-12,0.78,53563932.5,-128941.0
SH603556,2022-01-13,0.78,52681447.07,-13791.0
SH603556,2022-01-14,0.75,50231719.9,-129821.0
SH603556,2022-01-17,0.83,56656960.24,386573.0
SH603556,2022-01-18,0.9,60668977.37,344400.0
SH603556,2022-01-19,0.92,62038615.8,83654.0
SH603556,2022-01-20,0.86,55585671.3,-317100.0
SH603556,2022-01-21,0.86,54924026.3,26770.0
SH603556,2022-01-24,0.86,54536295.0,15940.0
SH603556,2022-01-25,0.87,52728550.2,39499.0
SH603556,2022-01-26,0.87,53616951.96,-11200.0
SH603556,2022-01-27,0.84,50055715.84,-159250.0
SH603556,2022-01-28,0.82,50254399.28,-86400.0
SH603556,2022-02-07,0.82,50916780.16,14200.0
SH603556,2022-02-08,0.84,52682444.8,104000.0
SH603556,2022-02-09,0.84,53355886.36,-8900.0
SH603556,2022-02-10,0.83,52569836.16,-45100.0
SH603556,2022-02-11,0.82,51008755.74,-55526.0
SH603556,2022-02-14,0.82,50653486.8,-18580.0
SH603556,2022-02-15,0.79,49542509.5,-119133.0
SH603556,2022-02-16,0.79,49770814.15,-9600.0
SH603556,2022-02-17,0.8,49671922.5,19790.0
SH603556,2022-02-18,0.83,52369662.66,177011.0
SH603556,2022-02-21,0.84,53481117.2,41630.0
SH603556,2022-02-22,0.85,54293212.04,65950.0
SH603556,2022-02-23,0.86,55050071.66,35600.0
SH603556,2022-02-24,0.91,57017500.25,226609.0
SH603556,2022-02-25,0.92,59114512.75,85800.0
SH603556,2022-02-28,0.94,59637151.5,79260.0
SH603556,2022-03-01,0.93,59219272.2,-39500.0
SH603556,2022-03-02,0.95,60145044.75,60870.0
SH603556,2022-03-03,0.95,60030273.55,5500.0
SH603556,2022-03-04,0.95,59791394.52,-4109.0
SH603556,2022-03-07,0.93,57731066.7,-56681.0
SH603556,2022-03-08,0.93,56050326.0,-9840.0
SH603556,2022-03-09,0.92,54430932.0,-43364.0
SH603556,2022-03-10,0.92,54511132.88,-23400.0
SH603556,2022-03-11,0.92,54592044.39,2960.0
SH603556,2022-03-14,0.9,52260179.57,-112760.0
SH603556,2022-03-15,0.85,46445823.9,-229681.0
SH603556,2022-03-16,0.82,45629724.0,-152790.0
SH603556,2022-03-17,0.79,44030244.2,-151150.0
SH603556,2022-03-18,0.77,43685586.8,-90060.0
SH603556,2022-03-21,0.74,41992721.2,-136990.0
SH603556,2022-03-22,0.71,40696184.7,-136770.0
SH603556,2022-03-23,0.69,39698772.4,-91790.0
SH603556,2022-03-24,0.68,38112879.6,-76100.0
SH603556,2022-03-25,0.64,36459960.0,-194280.0
SH603556,2022-03-28,0.6,34992111.0,-165048.0
SH603556,2022-03-29,0.59,33885598.5,-81847.0
SH603556,2022-03-30,0.56,32362208.16,-125468.0
SH603556,2022-03-31,0.57,32759883.0,19713.0
SH603556,2022-04-01,0.56,32425575.5,-21400.0
SH603556,2022-04-06,0.57,33471736.9,43701.0
SH603556,2022-04-07,0.56,32699260.3,-64914.0
SH603556,2022-04-08,0.56,32846122.89,-3800.0
SH603556,2022-04-11,0.55,32417708.94,-28986.0
SH603556,2022-04-12,0.57,34543123.2,93333.0
SH603556,2022-04-13,0.55,33143183.34,-78303.0
SH603556,2022-04-19,0.55,32482017.81,-25500.0
SH603556,2022-04-20,0.53,31514817.3,-82716.0
SH603556,2022-04-21,0.53,30962883.77,-4546.0
SH603556,2022-04-22,0.53,30943763.46,20683.0
SH603556,2022-04-25,0.53,28908910.55,-21811.0
SH603556,2022-04-26,0.53,27481316.4,16119.0
SH603556,2022-04-27,0.55,28750765.05,92881.0
SH603556,2022-04-28,0.55,28280246.85,7200.0
SH603556,2022-04-29,0.55,30775461.08,-30419.0
SH603556,2022-05-05,0.55,34269336.99,33011.0
SH603556,2022-05-10,0.72,50528875.5,810903.0
SH603556,2022-05-11,0.79,54184413.8,335519.0
SH603556,2022-05-12,0.84,59717761.35,257040.0
SH603556,2022-05-13,0.96,67874034.25,558720.0
SH603556,2022-05-16,0.9,63925710.32,-282406.0
SH603556,2022-05-17,0.86,62061063.35,-190044.0
SH603556,2022-05-18,0.86,62289796.83,4056.0
SH603556,2022-05-19,0.78,57246264.6,-371206.0
SH603556,2022-05-20,0.75,55360033.05,-159500.0
SH603556,2022-05-23,0.78,57852202.44,156179.0
SH603556,2022-05-24,1.04,72850354.02,1268847.0
SH603556,2022-05-25,1.13,81026760.78,434300.0
SH603556,2022-05-26,1.22,87850387.18,435132.0
SH603556,2022-05-27,1.27,90299549.97,239330.0
SH603556,2022-05-30,1.3,92061533.97,121600.0
SH603556,2022-05-31,1.27,90036991.17,-139720.0
SH603556,2022-06-01,1.18,85283514.24,-420016.0
SH603556,2022-06-02,1.18,84985206.7,7321.0
SH603556,2022-06-06,1.17,86379114.08,-34742.0
SH603556,2022-06-07,1.04,76821899.36,-682120.0
SH603556,2022-06-08,1.1,79567963.48,335985.0
SH603556,2022-06-09,0.98,70316352.15,-620410.0
SH603556,2022-06-10,1.03,81354625.56,247062.0
SH603556,2022-06-13,0.81,62712811.32,-1070097.0
SH603556,2022-06-14,0.77,58595123.88,-166890.0
SH603556,2022-06-15,0.76,56957057.25,-74937.0
SH603556,2022-06-16,0.74,54146055.96,-110655.0
SH603556,2022-06-17,0.7,52794548.82,-200463.0
SH603556,2022-06-20,0.7,55773547.83,25428.0
SH603556,2022-06-21,0.72,55785296.16,72600.0
SH603556,2022-06-22,0.68,53438302.96,-175631.0
SH603556,2022-06-23,0.68,53348204.52,-9820.0
SH603556,2022-06-24,0.69,54806948.66,69926.0
SH603556,2022-06-27,0.77,59980916.16,380400.0
SH603556,2022-06-28,0.84,65029615.68,350070.0
SH603556,2022-06-29,0.89,66310311.52,245960.0
SH603556,2022-07-04,0.82,63694554.66,-348850.0
SH603556,2022-07-05,0.79,62186338.5,-135024.0
SH603556,2022-07-06,0.81,61885785.4,73300.0
SH603556,2022-07-07,0.8,63029839.7,-54800.0
SH603556,2022-07-08,0.79,60802602.0,-49480.0
SH603556,2022-07-11,0.76,59824573.4,-114740.0
SH603556,2022-07-12,0.72,56683341.0,-188120.0
SH603556,2022-07-13,0.72,58409069.07,-31471.0
SH603556,2022-07-14,0.66,54376375.2,-296830.0
SH603556,2022-07-15,0.65,51970543.84,-20690.0
SH603556,2022-07-18,0.72,57307034.69,319290.0
SH603556,2022-07-19,0.77,59803302.09,228292.0
SH603556,2022-07-20,0.83,65106520.05,292900.0
SH603556,2022-07-21,0.82,63549563.16,-29259.0
SH603556,2022-07-22,0.85,64975816.86,129900.0
SH603556,2022-07-25,0.78,59166824.86,-300093.0
SH603556,2022-07-26,0.8,61580835.9,75336.0
SH603556,2022-07-27,0.85,65793307.19,255624.0
SH603556,2022-07-28,0.81,63669785.1,-183600.0
SH603556,2022-07-29,0.9,71833692.92,408000.0
SH603556,2022-08-01,0.83,65785292.58,-308503.0
SH603556,2022-08-02,0.78,58378416.04,-253067.0
SH603556,2022-08-03,0.92,66308722.74,669203.0
SH603556,2022-08-04,0.99,74610532.35,340599.0
SH603556,2022-08-05,0.97,72129201.77,-87014.0
SH603556,2022-08-08,0.99,74189786.4,107300.0
SH603556,2022-08-09,0.99,73323103.96,791.0
SH603556,2022-08-10,1.12,82944644.67,614965.0
SH603556,2022-08-11,1.25,98024200.56,633681.0
SH603556,2022-08-12,1.43,112595086.12,880558.0
SH603556,2022-08-15,1.61,129990637.02,872096.0
SH603556,2022-08-16,1.67,142665996.69,302085.0
SH603556,2022-08-17,1.6,140274522.9,-352893.0
SH603556,2022-08-18,1.71,152022705.3,529895.0
SH603556,2022-08-19,1.73,153616257.2,96960.0
SH603556,2022-08-22,1.77,153713491.25,200870.0
SH603556,2022-08-23,1.73,154235803.76,-166754.0
SH603556,2022-08-24,1.78,149790942.42,205500.0
SH603556,2022-08-25,1.76,147509959.49,-67300.0
SH603556,2022-08-26,1.72,143048026.98,-206860.0
SH603556,2022-08-29,2.04,182261006.2,1589840.0
SH603556,2022-08-30,1.91,171617628.49,-672064.0
SH603556,2022-08-31,1.76,147476104.2,-712897.0
SH603556,2022-09-01,1.71,138595399.35,-224565.0
SH603556,2022-09-02,1.79,146582695.54,377851.0
SH603556,2022-09-05,1.79,144322761.4,-14576.0
SH603556,2022-09-06,1.67,147833885.88,-604982.0
SH603556,2022-09-07,1.74,159495292.0,366052.0
SH603556,2022-09-08,1.6,145600204.8,-701192.0
SH603556,2022-09-09,1.53,136773438.75,-333533.0
SH603556,2022-09-13,1.38,118529708.55,-732900.0
SH603556,2022-09-14,1.38,120734539.08,25117.0
SH603556,2022-09-15,1.29,105562519.02,-476878.0
SH603556,2022-09-16,1.33,105003461.12,200050.0
SH603556,2022-09-19,1.43,110309001.18,480607.0
SH603556,2022-09-20,1.4,109995263.14,-128593.0
SH603556,2022-09-21,1.39,108712999.72,-41700.0
SH603556,2022-09-22,1.39,108357537.72,-22300.0
SH603556,2022-09-23,1.34,101302181.82,-215500.0
SH603556,2022-09-26,1.43,107174895.5,445524.0
SH603556,2022-09-27,1.5,115473008.55,350605.0
SH603556,2022-09-28,1.56,116614719.2,293554.0
SH603556,2022-09-29,1.57,117413120.25,27200.0
SH603556,2022-09-30,1.53,111786312.48,-186700.0
SH603556,2022-10-10,1.56,111374946.6,115900.0
SH603556,2022-10-11,1.61,116304501.12,272700.0
SH603556,2022-10-12,1.62,121289136.5,52265.0
SH603556,2022-10-13,1.58,120391365.16,-226084.0
SH603556,2022-10-14,1.59,124526596.51,50749.0
SH603556,2022-10-17,1.61,127869386.4,115121.0
SH603556,2022-10-18,1.65,133145472.12,205701.0
SH603556,2022-10-19,1.71,137076400.09,305566.0
SH603556,2022-10-20,1.69,143579473.9,-128965.0
SH603556,2022-10-21,1.87,160329544.3,865321.0
SH603556,2022-10-24,1.89,163954540.35,106500.0
SH603556,2022-10-25,2.04,175602887.31,735814.0
SH603556,2022-10-26,2.08,183520224.0,212459.0
SH603556,2022-10-27,2.15,189766350.0,347007.0
SH603556,2022-10-28,2.3,195563809.54,709658.0
SH603556,2022-10-31,2.29,196747986.62,-35130.0
SH603556,2022-11-01,2.25,203137033.58,-212930.0
SH603556,2022-11-02,2.28,203443653.6,186347.0
SH603556,2022-11-03,2.22,217680800.0,-306480.0
SH603556,2022-11-04,2.22,224676951.45,-24835.0
SH603556,2022-11-07,2.44,243622002.0,1083050.0
SH603556,2022-11-08,2.48,245368161.45,210700.0
SH603556,2022-11-09,2.5,249156002.39,102628.0
SH603556,2022-11-10,2.64,257679442.8,680132.0
SH603556,2022-11-11,2.63,253229885.61,-35568.0
SH603556,2022-11-14,2.62,247838725.15,-78692.0
SH603556,2022-11-15,2.62,251417062.05,25610.0
SH603556,2022-11-16,2.61,246874792.0,-55625.0
SH603556,2022-11-17,2.55,242334996.48,-325648.0
SH603556,2022-11-18,2.52,241418413.6,-148526.0
SH603556,2022-11-21,2.46,238151413.92,-252858.0
SH603556,2022-11-22,2.45,235791594.74,-52610.0
SH603556,2022-11-23,2.35,233725408.38,-503900.0
SH603556,2022-11-24,2.29,221635728.08,-291515.0
SH603556,2022-11-25,2.57,242491566.24,1374041.0
SH603556,2022-11-28,2.55,243052568.2,-94148.0
SH603556,2022-11-29,2.55,239467756.8,-23997.0
SH603556,2022-11-30,2.49,232849629.72,-268420.0
SH603556,2022-12-01,2.42,225727161.44,-342211.0
SH603556,2022-12-02,2.41,227136136.34,-43951.0
SH603556,2022-12-05,2.45,224799808.05,197258.0
SH603556,2022-12-06,2.53,230002401.06,390784.0
SH603556,2022-12-07,2.54,230306614.11,50000.0
SH603556,2022-12-08,2.54,229266226.4,4382.0
SH603556,2022-12-09,2.52,224595808.26,-133238.0
SH603556,2022-12-12,2.51,223338635.28,-28500.0
SH603556,2022-12-13,2.49,218706048.63,-86990.0
SH603556,2022-12-14,2.48,217202630.52,-56797.0
SH603556,2022-12-15,2.46,217393847.68,-130600.0
SH603556,2022-12-16,2.48,211335172.1,107759.0
SH603556,2022-12-19,2.47,208423580.89,-21146.0
SH603556,2022-12-20,2.5,213488876.38,144780.0
SH603556,2022-12-21,2.52,211502208.57,91500.0
SH603556,2022-12-22,2.52,207736906.98,3700.0
SH603556,2022-12-28,2.51,220574105.45,-62338.0
SH603556,2022-12-29,2.55,219986651.48,196803.0
SH603556,2022-12-30,2.63,226604470.4,390200.0
SH603556,2023-01-03,2.74,244926223.75,545361.0
SH603556,2023-01-04,2.79,249248125.45,251800.0
SH603556,2023-01-05,2.75,247579797.15,-224300.0
SH603556,2023-01-06,2.7,243262996.0,-227300.0
SH603556,2023-01-09,2.66,239178836.15,-186546.0
SH603556,2023-01-10,2.74,244694707.2,381011.0
SH603556,2023-01-11,2.73,243627779.99,-51167.0
SH603556,2023-01-12,2.68,240197491.8,-238567.0
SH603556,2023-01-13,2.71,243559770.2,147466.0
SH603556,2023-01-16,2.72,242356874.66,65286.0
SH603556,2023-01-17,2.74,242878619.34,87828.0
SH603556,2023-01-18,2.78,250252142.76,204165.0
SH603556,2023-01-19,2.83,255056402.4,231470.0
SH603556,2023-01-20,2.86,259521377.63,143710.0
SH603556,2023-01-30,2.88,267240766.59,82076.0
SH603556,2023-01-31,2.92,267754921.03,207964.0
SH603556,2023-02-01,2.96,275489188.8,173459.0
SH603556,2023-02-02,2.97,273599116.7,45572.0
SH603556,2023-02-03,3.12,280467072.62,778101.0
SH603556,2023-02-06,3.15,281739284.25,145126.0
SH603556,2023-02-07,3.07,301685313.52,-413600.0
SH603556,2023-02-08,3.01,292495169.05,-288896.0
SH603556,2023-02-09,3.06,296490094.64,254115.0
SH603556,2023-02-10,2.86,279147505.68,-975959.0
SH603556,2023-02-13,2.86,306507885.46,-24023.0
SH603556,2023-02-14,2.71,291382520.0,-744746.0
SH603556,2023-02-15,2.67,304743943.27,-148659.0
SH603556,2023-02-16,2.65,280968176.88,-112259.0
SH603556,2023-02-17,2.64,277546430.88,-62586.0
SH603556,2023-02-20,2.66,302777677.62,118365.0
SH603556,2023-02-21,2.68,306779520.99,76320.0
SH603556,2023-02-22,2.8,315567869.0,574739.0
SH603556,2023-02-23,2.82,316079769.0,112030.0
SH603556,2023-02-24,2.71,305747100.75,-515035.0
SH603556,2023-02-27,2.65,310507965.9,-322733.0
SH603556,2023-02-28,2.59,300592466.16,-297650.0
SH603556,2023-03-01,2.63,302830565.4,197318.0
SH603556,2023-03-02,2.73,303502097.7,487980.0
SH603556,2023-03-03,2.79,307532841.0,285330.0
SH603556,2023-03-06,2.89,318372938.0,518380.0
SH603556,2023-03-07,3.04,324892528.6,747127.0
SH603556,2023-03-08,3.06,330893594.79,62462.0
SH603556,2023-03-09,3.11,334760998.0,250620.0
SH603556,2023-03-10,3.15,333563093.24,197782.0
SH603556,2023-03-13,3.05,326569382.58,-509153.0
SH603556,2023-03-14,3.07,319119155.66,133565.0
SH603556,2023-03-15,3.08,321204907.89,20230.0
SH603556,2023-03-16,3.11,316021118.49,141798.0
SH603556,2023-03-17,2.97,310732188.14,-639610.0
SH603556,2023-03-20,2.9,300620049.2,-380830.0
SH603556,2023-03-21,2.86,304089599.25,-199060.0
SH603556,2023-03-22,2.89,307348861.68,188941.0
SH603556,2023-03-23,2.99,311853844.12,457219.0
SH603556,2023-03-24,3.1,318487239.0,538768.0
SH603556,2023-03-27,3.09,320702195.19,-31458.0
SH603556,2023-03-28,3.09,319749623.52,12231.0
SH603556,2023-03-29,3.13,322874795.3,155291.0
SH603556,2023-03-30,3.15,328844647.56,122110.0
SH603556,2023-03-31,3.14,333553889.9,-53086.0
SH603556,2023-04-03,3.0,337649467.45,-671562.0
SH603556,2023-04-04,3.0,335443826.75,-19330.0
SH603556,2023-04-11,3.02,345196779.8,103333.0
SH603556,2023-04-12,3.07,349905711.0,266120.0
SH603556,2023-04-13,3.1,347881562.1,108530.0
SH603556,2023-04-14,3.17,356519946.84,356120.0
SH603556,2023-04-17,3.18,358132656.42,63400.0
SH603556,2023-04-18,3.25,365310469.76,326050.0
SH603556,2023-04-19,3.26,373103210.24,68076.0
SH603556,2023-04-20,3.32,373647538.32,287800.0
SH603556,2023-04-21,3.41,365929815.6,449440.0
SH603556,2023-04-24,3.46,367000494.6,242400.0
SH603556,2023-04-25,3.41,353629475.08,-286610.0
SH603556,2023-04-26,3.4,354019504.2,-44280.0
SH603556,2023-04-27,3.36,348645956.8,-175070.0
SH603556,2023-04-28,3.37,356333835.12,36112.0
SH603556,2023-05-04,3.41,396357335.28,186000.0
SH603556,2023-05-05,3.37,391036995.04,-161260.0
SH603556,2023-05-08,3.27,398068323.1,-487570.0
SH603556,2023-05-09,3.24,376004126.72,-167070.0
SH603556,2023-05-10,3.17,368904855.2,-351572.0
SH603556,2023-05-11,3.12,362188033.2,-230894.0
SH603556,2023-05-12,3.04,350727559.5,-376420.0
SH603556,2023-05-15,2.94,348916490.04,-516438.0
SH603556,2023-05-16,2.97,345048957.44,170300.0
SH603556,2023-05-17,2.95,347986503.4,-107478.0
SH603556,2023-05-18,2.96,345037548.8,58102.0
SH603556,2023-05-19,2.96,343935218.88,-21988.0
SH603556,2023-05-22,2.92,343532148.05,-191307.0
SH603556,2023-05-23,2.91,335101569.3,-54715.0
SH603556,2023-05-24,2.9,327315392.56,-35290.0
SH603556,2023-05-25,2.94,330898641.96,180322.0
SH603556,2023-05-29,2.96,340875913.0,130960.0
SH603556,2023-05-30,2.99,342721182.68,134590.0
SH603556,2023-05-31,3.07,346642042.32,372700.0
SH603556,2023-06-01,3.07,344939601.6,17400.0
SH603556,2023-06-02,3.07,349815593.04,-3605.0
SH603556,2023-06-05,3.11,355084163.64,187103.0
SH603556,2023-06-06,3.08,339832254.46,-116600.0
SH603556,2023-06-07,3.09,341533821.2,48678.0
SH603556,2023-06-08,3.05,333778453.65,-211465.0
SH603556,2023-06-09,3.06,346125693.06,30203.0
SH603556,2023-06-12,3.11,364668671.75,274613.0
SH603556,2023-06-13,3.24,399192252.69,608276.0
SH603556,2023-06-14,3.39,420929743.36,750925.0
SH603556,2023-06-15,3.41,431031977.46,89086.0
SH603556,2023-06-21,3.53,427366602.58,116580.0
SH603556,2023-06-28,3.49,418810602.25,-437105.0
SH603556,2023-06-29,3.44,423580172.54,-203937.0
SH603556,2023-07-05,3.17,400329865.62,-923811.0
SH603556,2023-07-06,3.16,388954199.79,-69591.0
SH603556,2023-07-12,2.81,358004534.16,-62384.0
SH603556,2023-07-13,2.81,355196924.24,-2243.0
SH603556,2023-07-19,2.66,356963446.2,-267050.0
SH603556,2023-07-20,2.63,346056760.53,-168080.0
SH603556,2023-07-26,2.56,316541831.48,-433192.0
SH603556,2023-07-27,2.49,308108592.2,-334122.0
SH603556,2023-08-02,2.45,309599079.18,82282.0
SH603556,2023-08-03,2.48,305081947.84,131048.0
SH603556,2023-08-09,2.48,297457858.34,62000.0
SH603556,2023-08-10,2.48,295855416.8,-30800.0
SH603556,2023-08-16,2.5,295548802.23,-21874.0
SH603556,2023-08-17,2.53,300620334.96,173910.0
SH603556,2023-08-23,2.69,337995282.6,-118103.0
SH603556,2023-08-24,2.63,329745242.84,-301560.0
SH603556,2023-08-30,2.57,324796338.72,45250.0
SH603556,2023-08-31,2.57,323109766.8,22488.0
SH603556,2023-09-06,2.54,317643614.9,-24557.0
SH603556,2023-09-07,2.53,308801802.15,-30900.0
SH603556,2023-09-13,2.47,307582387.3,-67370.0
SH603556,2023-09-14,2.47,306572876.5,36500.0
SH603556,2023-09-15,2.48,302041300.35,27300.0
SH603556,2023-09-20,2.52,299473956.05,69000.0
SH603556,2023-09-21,2.52,297502027.55,-30500.0
SH603556,2023-09-27,2.53,322586780.0,105300.0
SH603556,2023-09-28,2.49,325503136.14,-164283.0
SH603556,2023-10-11,2.48,304927987.44,48773.0
SH603556,2023-10-12,2.45,294710807.96,-139334.0
SH603556,2023-10-13,2.46,292645528.88,63084.0
SH603556,2023-10-16,2.44,284982551.56,-109000.0
SH603556,2023-10-17,2.44,282897083.98,28000.0
SH603556,2023-10-18,2.47,277496092.35,119387.0
SH603556,2023-10-19,2.43,273154440.36,-173600.0
SH603556,2023-10-20,2.44,267918022.4,42893.0
SH603556,2023-10-24,2.39,263043475.2,-238546.0
SH603556,2023-10-25,2.44,263848625.28,227586.0
SH603556,2023-10-26,2.42,265416157.62,-84840.0
SH603556,2023-10-27,2.47,271488899.01,217457.0
SH603556,2023-10-30,2.62,270634504.92,756166.0
SH603556,2023-10-31,2.54,282498554.95,-388094.0
SH603556,2023-11-01,2.63,294222144.6,420255.0
SH603556,2023-11-02,2.68,293787424.0,244900.0
SH603556,2023-11-03,2.74,307796507.64,313657.0
SH603556,2023-11-06,2.81,317178883.1,349238.0
SH603556,2023-11-07,2.83,325126184.13,98086.0
SH603556,2023-11-08,2.78,321453006.81,-261370.0
SH603556,2023-11-09,2.68,316392080.48,-475915.0
SH603556,2023-11-10,2.68,315410150.16,-2590.0
SH603556,2023-11-13,2.73,319410209.16,205498.0
SH603556,2023-11-14,2.76,320529385.44,148180.0
SH603556,2023-11-15,2.78,326319033.06,112000.0
SH603556,2023-11-16,2.77,324599020.25,-49099.0
SH603556,2023-11-17,2.79,331443260.35,125850.0
SH603556,2023-11-20,2.81,336528991.05,96190.0
SH603556,2023-11-21,2.8,332820237.72,-61999.0
SH603556,2023-11-22,2.84,332085873.6,210700.0
SH603556,2023-11-23,2.91,343430341.26,302673.0
SH603556,2023-11-24,2.88,336323155.2,-107249.0
SH603556,2023-11-27,2.74,339318261.9,-712870.0
SH603556,2023-11-28,2.87,365062106.52,628962.0
SH603556,2023-11-29,3.05,388382638.24,890860.0
SH603556,2023-11-30,3.06,393843545.88,43036.0
SH603556,2023-12-01,3.15,400578048.0,437500.0
SH603556,2023-12-04,3.33,424202282.48,871060.0
SH603556,2023-12-05,3.36,421404015.93,189619.0
SH603556,2023-12-06,3.3,417660127.62,-316710.0
SH603556,2023-12-07,3.29,417955767.93,-69410.0
SH603556,2023-12-08,3.17,408310026.31,-574000.0
SH603556,2023-12-11,3.13,412449056.22,-197494.0
SH603556,2023-12-12,3.16,413335195.25,141870.0
SH603556,2023-12-13,3.04,408924403.23,-587210.0
SH603556,2023-12-14,2.93,406545424.58,-544551.0
SH603556,2023-12-15,3.12,420477527.9,953408.0
SH603556,2023-12-18,3.08,418977320.16,-186022.0
SH603556,2023-12-19,3.07,420694196.76,-46500.0
SH603556,2023-12-20,3.19,429193820.0,566140.0
SH603556,2023-12-21,3.13,434888291.2,-294080.0
SH603556,2023-12-22,3.18,436039721.28,237664.0
SH603556,2023-12-27,3.23,446767393.75,264143.0
SH603556,2023-12-28,3.31,451650746.26,396666.0
SH603556,2023-12-29,3.19,453256276.25,-598066.0
SH603556,2024-01-02,3.15,448154899.2,-212863.0
SH603556,2024-01-03,2.98,433789391.0,-819356.0
SH603556,2024-01-04,2.92,425246025.6,-263108.0
SH603556,2024-01-05,2.72,399249990.0,-1009715.0
SH603556,2024-01-08,2.6,381939234.47,-572780.0
SH603556,2024-01-09,2.64,387697628.55,209276.0
SH603556,2024-01-10,2.68,390596852.8,158051.0
SH603556,2024-01-11,2.66,398529993.6,-79024.0
SH603556,2024-01-12,2.52,390550023.0,-703666.0
SH603556,2024-01-15,2.9,453193624.8,1864274.0
SH603556,2024-01-16,2.92,461693802.46,96198.0
SH603556,2024-01-17,2.89,478994482.0,-146862.0
SH603556,2024-01-18,3.06,502358714.06,826257.0
SH603556,2024-01-19,3.2,502061106.82,699990.0
SH603556,2024-01-22,3.39,516449710.0,946053.0
SH603556,2024-01-23,3.54,554101470.0,720400.0
SH603556,2024-01-24,3.85,579265896.67,1499171.0
SH603556,2024-01-25,3.74,584036075.25,-500096.0
SH603556,2024-01-26,3.71,570853369.35,-185970.0
SH603556,2024-01-29,3.85,577299384.45,707910.0
SH603556,2024-01-30,4.07,583306652.04,1046982.0
SH603556,2024-01-31,4.15,584789673.6,410700.0
SH603556,2024-02-01,4.12,579310954.2,-127177.0
SH603556,2024-02-02,3.98,557502230.4,-712160.0
SH603556,2024-02-05,3.63,496508842.56,-1682592.0
SH603556,2024-02-06,3.31,482675666.0,-1586098.0
SH603556,2024-02-07,3.2,486527850.88,-522948.0
SH603556,2024-02-08,3.14,491217457.5,-328472.0
SH603556,2024-02-19,3.08,486385179.75,-264039.0
SH603556,2024-02-20,2.99,464678485.8,-469180.0
SH603556,2024-02-21,2.88,452959546.08,-527968.0
SH603556,2024-02-22,2.91,457672594.08,146550.0
SH603556,2024-02-23,2.9,461736447.69,-36940.0
SH603556,2024-02-26,2.85,459504982.85,-248650.0
SH603556,2024-02-27,2.85,460463746.38,-17400.0
SH603556,2024-02-28,2.96,457481194.8,549130.0
SH603556,2024-02-29,2.93,489870232.2,-153562.0
SH603556,2024-03-01,2.93,510847931.6,25970.0
SH603556,2024-03-04,2.93,540646543.92,-1292.0
SH603556,2024-03-05,3.07,568885123.8,701502.0
SH603556,2024-03-06,3.12,579683001.4,245195.0
SH603556,2024-03-07,3.14,581761315.8,95445.0
SH603556,2024-03-08,3.23,601716782.83,431650.0
SH603556,2024-03-11,3.22,605259958.66,-68388.0
SH603556,2024-03-12,3.54,636788665.26,1578526.0
SH603556,2024-03-13,3.58,657731924.4,169881.0
SH603556,2024-03-14,3.63,677900015.8,267152.0
SH603556,2024-03-15,3.63,682054059.7,15650.0
SH603556,2024-03-18,3.68,690105299.52,205250.0
SH603556,2024-03-19,3.7,682257417.42,121194.0
SH603556,2024-03-20,3.91,705427589.58,1021408.0
SH603556,2024-03-21,4.39,765884926.04,2368708.0
SH603556,2024-03-22,4.46,788509603.44,316654.0
SH603556,2024-03-25,4.5,821063824.02,200142.0
SH603556,2024-03-26,4.62,828461034.46,574000.0
SH603556,2024-03-27,4.67,823936941.8,231400.0
SH603556,2024-03-28,4.7,828153080.94,161360.0
SH603556,2024-04-02,4.75,858704041.44,267110.0
SH603556,2024-04-03,4.75,860863233.92,-10760.0
SH603556,2024-04-08,4.74,878994111.76,-36746.0
SH603556,2024-04-09,4.85,881792825.58,505780.0
SH603556,2024-04-10,4.85,882242824.58,12100.0
SH603556,2024-04-11,4.7,907760792.85,-712169.0
SH603556,2024-04-12,4.88,984699318.38,855300.0
SH603556,2024-04-15,4.97,1013582659.36,452489.0
SH603556,2024-04-16,5.06,1135129632.7,439260.0
SH603556,2024-04-17,4.97,1198353710.61,-445153.0
SH603556,2024-04-18,5.14,1249604368.56,840758.0
SH603556,2024-04-19,5.27,1284737412.0,644873.0
SH603556,2024-04-22,5.14,1252847966.16,-660541.0
SH603556,2024-04-23,5.09,1144066376.54,-233908.0
SH603556,2024-04-24,5.12,1160957067.8,122529.0
SH603556,2024-04-25,5.24,1168608261.18,590119.0
SH603556,2024-04-26,5.17,1151129439.39,-322150.0
SH603556,2024-04-29,5.44,1172751035.4,1299005.0
SH603556,2024-04-30,5.35,1195061568.24,-431401.0
SH603556,2024-05-06,5.37,1217871502.62,96956.0
SH603556,2024-05-07,5.37,1196785360.8,-13256.0
SH603556,2024-05-08,5.28,1196472463.48,-437000.0
SH603556,2024-05-09,5.1,1178349070.47,-837980.0
SH603556,2024-05-10,4.94,1156410988.37,-823080.0
SH603556,2024-05-13,4.76,1227015869.64,-855360.0
SH603556,2024-05-14,4.72,1236424056.8,-224260.0
SH603556,2024-05-16,4.88,1226487797.43,826558.0
SH603556,2024-05-17,4.97,1225160598.0,433879.0
SH603556,2024-05-20,4.99,1234691332.5,97100.0
SH603556,2024-05-21,5.11,1243813859.4,581160.0
SH603556,2024-05-22,5.21,1244569285.22,486711.0
SH603556,2024-05-23,5.24,1236226749.84,133570.0
SH603556,2024-05-24,5.14,1231273410.42,-493433.0
SH603556,2024-05-27,5.1,1246226237.24,-173690.0
SH603556,2024-05-28,5.06,1243635927.96,-225261.0
SH603556,2024-05-29,5.2,1280746303.14,707714.0
SH603556,2024-05-30,5.08,1242798690.54,-580975.0
SH603556,2024-05-31,5.48,1263410997.02,1923260.0
SH603556,2024-06-03,5.48,1293609194.64,31905.0
SH603556,2024-06-04,5.51,1332545289.4,158490.0
SH603556,2024-06-05,5.64,1333860404.71,635840.0
SH603556,2024-06-06,5.62,1340044135.71,-144892.0
SH603556,2024-06-07,5.72,1352126229.41,534580.0
SH603556,2024-06-11,5.74,1350440032.72,52219.0
SH603556,2024-06-12,5.62,1333301475.74,-578590.0
SH603556,2024-06-13,5.65,1320943111.8,143702.0
SH603556,2024-06-14,5.62,1309268097.08,-106048.0
SH603556,2024-06-17,5.52,1315488880.4,-499320.0
SH603556,2024-06-18,5.45,1346136812.46,-350638.0
SH603556,2024-06-19,5.35,1296376789.36,-493170.0
SH603556,2024-06-20,5.33,1264454915.88,-91672.0
SH603556,2024-06-21,5.28,1251463887.6,-246604.0
SH603556,2024-06-24,5.25,1235930301.09,-172331.0
SH603556,2024-06-25,5.32,1224881252.46,353817.0
SH603556,2024-06-26,5.3,1238638877.32,-87700.0
SH603556,2024-06-27,5.32,1181984337.24,105370.0
SH603556,2024-06-28,5.41,1239424509.12,437300.0
SH603556,2024-07-02,5.34,1176059212.56,-355025.0
SH603556,2024-07-03,5.41,1162029840.51,364520.0
SH603556,2024-07-04,5.41,1183888614.48,-2600.0
SH603556,2024-07-05,5.42,1189580393.76,32443.0
SH603556,2024-07-08,5.47,1179366873.3,237211.0
SH603556,2024-07-09,5.53,1196604758.72,305015.0
SH603556,2024-07-10,5.62,1194473980.56,449071.0
SH603556,2024-07-11,5.77,1217712206.48,742980.0
SH603556,2024-07-12,5.9,1234607930.01,626134.0
SH603556,2024-07-15,5.91,1236920345.98,40549.0
SH603556,2024-07-16,6.08,1252349031.96,826121.0
SH603556,2024-07-17,6.05,1255555702.28,-162565.0
SH603556,2024-07-18,6.19,1289596338.36,723230.0
SH603556,2024-07-19,6.23,1303762814.4,168200.0
SH603556,2024-07-22,6.29,1342358937.56,298081.0
SH603556,2024-07-23,6.45,1325599422.1,764533.0
SH603556,2024-07-24,6.47,1310673762.66,111500.0
SH603556,2024-07-25,6.47,1304203067.1,4193.0
SH603556,2024-07-26,6.43,1306359342.05,-169100.0
SH603556,2024-07-29,6.3,1273770385.44,-681243.0
SH603556,2024-07-30,6.31,1256100076.44,87871.0
SH603556,2024-07-31,6.3,1302956885.73,-82100.0
SH603556,2024-08-01,6.29,1283512341.03,-23190.0
SH603556,2024-08-02,6.32,1259369265.92,155243.0
SH603556,2024-08-05,6.33,1233498409.6,26000.0
SH603556,2024-08-06,6.35,1244643208.4,84948.0
SH603556,2024-08-07,6.38,1276390159.05,161471.0
SH603556,2024-08-08,6.37,1269679684.23,-57456.0
SH603556,2024-08-09,6.35,1270509505.11,-71100.0
SH603556,2024-08-12,6.3,1285535609.26,-272750.0
SH603556,2024-08-13,6.26,1298266733.07,-200800.0
SH603556,2024-08-14,6.27,1278012943.54,79370.0
SH603556,2024-08-15,6.3,1274260398.06,146690.0
SH603556,2024-08-16,6.33,1271386604.81,117600.0
